20.00,1.00
20.03,1.10
20.06,1.19
20.09,1.29
20.12,1.39
20.15,1.49
20.18,1.58
20.21,1.68
20.23,1.78
20.26,1.87
20.29,1.97
20.32,2.07
20.35,2.17
20.38,2.26
20.41,2.36
20.44,2.46
20.47,2.56
20.50,2.65
20.53,2.75
20.56,2.85
20.59,2.94
20.62,3.04
20.64,3.14
20.67,3.24
20.70,3.33
20.73,3.43
20.76,3.53
20.79,3.62
20.82,3.72
20.85,3.82
20.88,3.92
20.91,4.01
20.94,4.11
20.97,4.21
21.00,4.31
21.03,4.40
21.06,4.50
21.08,4.60
21.11,4.69
21.14,4.79
21.17,4.89
21.20,4.99
21.23,5.08
21.26,5.18
21.29,5.28
21.32,5.37
21.35,5.47
21.38,5.57
21.41,5.67
21.44,5.76
21.47,5.86
21.49,5.96
21.52,6.06
21.55,6.15
21.58,6.25
21.61,6.35
21.64,6.44
21.67,6.54
21.70,6.64
21.73,6.74
21.76,6.83
21.79,6.93
21.82,7.03
21.85,7.12
21.88,7.22
21.91,7.32
21.93,7.42
21.96,7.51
21.99,7.61
22.02,7.71
22.05,7.81
22.08,7.90
22.11,8.00
22.14,8.10
22.17,8.19
22.20,8.29
22.23,8.39
22.26,8.49
22.29,8.58
22.32,8.68
22.34,8.78
22.37,8.87
22.40,8.97
22.43,9.07
22.46,9.17
22.49,9.26
22.52,9.36
22.55,9.46
22.58,9.55
22.61,9.65
22.64,9.75
22.67,9.85
22.70,9.94
22.73,10.04
22.76,10.14
22.78,10.24
22.81,10.33
22.84,10.43
22.87,10.53
22.90,10.62
22.93,10.72
22.96,10.82
22.99,10.92
23.02,11.01
23.05,11.11
23.08,11.21
23.11,11.30
23.14,11.40
23.17,11.50
23.19,11.60
23.22,11.69
23.25,11.79
23.28,11.89
23.31,11.99
23.34,12.08
23.37,12.18
23.40,12.28
23.43,12.37
23.46,12.47
23.49,12.57
23.52,12.67
23.55,12.76
23.58,12.86
23.61,12.96
23.63,13.05
23.66,13.15
23.69,13.25
23.72,13.35
23.75,13.44
23.78,13.54
23.81,13.64
23.84,13.74
23.87,13.83
23.90,13.93
23.93,14.03
23.96,14.12
23.99,14.22
24.02,14.32
24.04,14.42
24.07,14.51
24.10,14.61
24.13,14.71
24.16,14.80
24.19,14.90
24.22,15.00
24.25,15.10
24.28,15.19
24.31,15.29
24.34,15.39
24.37,15.49
24.40,15.58
24.43,15.68
24.46,15.78
24.48,15.87
24.51,15.97
24.54,16.07
24.57,16.17
24.60,16.26
24.63,16.36
24.66,16.46
24.69,16.55
24.72,16.65
24.75,16.75
24.78,16.85
24.81,16.94
24.84,17.04
24.87,17.14
24.89,17.23
24.92,17.33
24.95,17.43
24.98,17.53
25.01,17.62
25.04,17.72
25.07,17.82
25.10,17.92
25.13,18.01
25.16,18.11
25.19,18.21
25.22,18.30
25.25,18.40
25.28,18.50
25.31,18.60
25.33,18.69
25.36,18.79
25.39,18.89
25.42,18.98
25.45,19.08
25.48,19.18
25.51,19.28
25.54,19.37
25.57,19.47
25.60,19.57
25.63,19.67
25.66,19.76
25.69,19.86
25.72,19.96
25.74,20.05
25.77,20.15
25.80,20.25
25.83,20.35
25.86,20.44
25.89,20.54
25.92,20.64
25.95,20.73
25.98,20.83
26.01,20.93
26.04,21.03
26.07,21.12
26.10,21.22
26.13,21.32
26.16,21.42
26.18,21.51
26.21,21.61
26.24,21.71
26.27,21.80
26.30,21.90
26.33,22.00
26.36,22.10
26.39,22.19
26.42,22.29
26.45,22.39
26.48,22.48
26.51,22.58
26.54,22.68
26.57,22.78
26.60,22.87
26.62,22.97
26.65,23.07
26.68,23.17
26.71,23.26
26.74,23.36
26.77,23.46
26.80,23.55
26.83,23.65
26.86,23.75
26.89,23.85
26.92,23.94
26.95,24.04
26.98,24.14
27.01,24.23
27.03,24.33
27.06,24.43
27.09,24.53
27.12,24.62
27.15,24.72
27.18,24.82
27.21,24.91
27.24,25.01
27.27,25.11
27.30,25.21
27.33,25.30
27.36,25.40
27.39,25.50
27.42,25.60
27.45,25.69
27.47,25.79
27.50,25.89
27.53,25.98
27.56,26.08
27.59,26.18
27.62,26.28
27.65,26.37
27.68,26.47
27.71,26.57
27.74,26.66
27.77,26.76
27.80,26.86
27.83,26.96
27.86,27.05
27.88,27.15
27.91,27.25
27.94,27.35
27.97,27.44
28.00,27.54
28.03,27.64
28.06,27.73
28.09,27.83
28.12,27.93
28.15,28.03
28.18,28.12
28.21,28.22
28.24,28.32
28.27,28.41
28.30,28.51
28.32,28.61
28.35,28.71
28.38,28.80
28.41,28.90
28.44,29.00
28.47,29.10
28.50,29.19
28.53,29.29
28.56,29.39
28.59,29.48
28.62,29.58
28.65,29.68
28.68,29.78
28.71,29.87
28.73,29.97
28.76,30.07
28.79,30.16
28.82,30.26
28.85,30.36
28.88,30.46
28.91,30.55
28.94,30.65
28.97,30.75
29.00,30.85
29.03,30.94
29.06,31.04
29.09,31.14
29.12,31.23
29.15,31.33
29.17,31.43
29.20,31.53
29.23,31.62
29.26,31.72
29.29,31.82
29.32,31.91
29.35,32.01
29.38,32.11
29.41,32.21
29.44,32.30
29.47,32.40
29.50,32.50
29.53,32.60
29.56,32.69
29.58,32.79
29.61,32.89
29.64,32.98
29.67,33.08
29.70,33.18
29.73,33.28
29.76,33.37
29.79,33.47
29.82,33.57
29.85,33.66
29.88,33.76
29.91,33.86
29.94,33.96
29.97,34.05
30.00,34.15
30.02,34.25
30.05,34.34
30.08,34.44
30.11,34.54
30.14,34.64
30.17,34.73
30.20,34.83
30.23,34.93
30.26,35.03
30.29,35.12
30.32,35.22
30.35,35.32
30.38,35.41
30.41,35.51
30.43,35.61
30.46,35.71
30.49,35.80
30.52,35.90
30.55,36.00
30.58,36.09
30.61,36.19
30.64,36.29
30.67,36.39
30.70,36.48
30.73,36.58
30.76,36.68
30.79,36.78
30.82,36.87
30.85,36.97
30.87,37.07
30.90,37.16
30.93,37.26
30.96,37.36
30.99,37.46
31.02,37.55
31.05,37.65
31.08,37.75
31.11,37.84
31.14,37.94
31.17,38.04
31.20,38.14
31.23,38.23
31.26,38.33
31.28,38.43
31.31,38.53
31.34,38.62
31.37,38.72
31.40,38.82
31.43,38.91
31.46,39.01
31.49,39.11
31.52,39.21
31.55,39.30
31.58,39.40
31.61,39.50
31.64,39.59
31.67,39.69
31.70,39.79
31.72,39.89
31.75,39.98
31.78,40.08
31.81,40.18
31.84,40.28
31.87,40.37
31.90,40.47
31.93,40.57
31.96,40.66
31.99,40.76
32.02,40.86
32.05,40.96
32.08,41.05
32.11,41.15
32.13,41.25
32.16,41.34
32.19,41.44
32.22,41.54
32.25,41.64
32.28,41.73
32.31,41.83
32.34,41.93
32.37,42.02
32.40,42.12
32.43,42.22
32.46,42.32
32.49,42.41
32.52,42.51
32.55,42.61
32.57,42.71
32.60,42.80
32.63,42.90
32.66,43.00
32.69,43.09
32.72,43.19
32.75,43.29
32.78,43.39
32.81,43.48
32.84,43.58
32.87,43.68
32.90,43.77
32.93,43.87
32.96,43.97
32.98,44.07
33.01,44.16
33.04,44.26
33.07,44.36
33.10,44.46
33.13,44.55
33.16,44.65
33.19,44.75
33.22,44.84
33.25,44.94
33.28,45.04
33.31,45.14
33.34,45.23
33.37,45.33
33.40,45.43
33.42,45.52
33.45,45.62
33.48,45.72
33.51,45.82
33.54,45.91
33.57,46.01
33.60,46.11
33.63,46.21
33.66,46.30
33.69,46.40
33.72,46.50
33.75,46.59
33.78,46.69
33.81,46.79
33.83,46.89
33.86,46.98
33.89,47.08
33.92,47.18
33.95,47.27
33.98,47.37
34.01,47.47
34.04,47.57
34.07,47.66
34.10,47.76
34.13,47.86
34.16,47.96
34.19,48.05
34.22,48.15
34.25,48.25
34.27,48.34
34.30,48.44
34.33,48.54
34.36,48.64
34.39,48.73
34.42,48.83
34.45,48.93
34.48,49.02
34.51,49.12
34.54,49.22
34.57,49.32
34.60,49.41
34.63,49.51
34.66,49.61
34.68,49.70
34.71,49.80
34.74,49.90
34.77,50.00
34.80,50.09
34.83,50.19
34.86,50.29
34.89,50.39
34.92,50.48
34.95,50.58
34.98,50.68
35.01,50.77
35.04,50.87
35.07,50.97
35.10,51.07
35.12,51.16
35.15,51.26
35.18,51.36
35.21,51.45
35.24,51.55
35.27,51.65
35.30,51.75
35.33,51.84
35.36,51.94
35.39,52.04
35.42,52.14
35.45,52.23
35.48,52.33
35.51,52.43
35.53,52.52
35.56,52.62
35.59,52.72
35.62,52.82
35.65,52.91
35.68,53.01
35.71,53.11
35.74,53.20
35.77,53.30
35.80,53.40
35.83,53.50
35.86,53.59
35.89,53.69
35.92,53.79
35.95,53.89
35.97,53.98
36.00,54.08
36.03,54.18
36.06,54.27
36.09,54.37
36.12,54.47
36.15,54.57
36.18,54.66
36.21,54.76
36.24,54.86
36.27,54.95
36.30,55.05
36.33,55.15
36.36,55.25
36.38,55.34
36.41,55.44
36.44,55.54
36.47,55.64
36.50,55.73
36.53,55.83
36.56,55.93
36.59,56.02
36.62,56.12
36.65,56.22
36.68,56.32
36.71,56.41
36.74,56.51
36.77,56.61
36.80,56.70
36.82,56.80
36.85,56.90
36.88,57.00
36.91,57.09
36.94,57.19
36.97,57.29
37.00,57.38
37.03,57.48
37.06,57.58
37.09,57.68
37.12,57.77
37.15,57.87
37.18,57.97
37.21,58.07
37.23,58.16
37.26,58.26
37.29,58.36
37.32,58.45
37.35,58.55
37.38,58.65
37.41,58.75
37.44,58.84
37.47,58.94
37.50,59.04
37.53,59.13
37.56,59.23
37.59,59.33
37.62,59.43
37.65,59.52
37.67,59.62
37.70,59.72
37.73,59.82
37.76,59.91
37.79,60.01
37.82,60.11
37.85,60.20
37.88,60.30
37.91,60.40
37.94,60.50
37.97,60.59
38.00,60.69
38.03,60.79
38.06,60.88
38.09,60.98
38.11,61.08
38.14,61.18
38.17,61.27
38.20,61.37
38.23,61.47
38.26,61.57
38.29,61.66
38.32,61.76
38.35,61.86
38.38,61.95
38.41,62.05
38.44,62.15
38.47,62.25
38.50,62.34
38.52,62.44
38.55,62.54
38.58,62.63
38.61,62.73
38.64,62.83
38.67,62.93
38.70,63.02
38.73,63.12
38.76,63.22
38.79,63.32
38.82,63.41
38.85,63.51
38.88,63.61
38.91,63.70
38.94,63.80
38.96,63.90
38.99,64.00
39.02,64.09
39.05,64.19
39.08,64.29
39.11,64.38
39.14,64.48
39.17,64.58
39.20,64.68
39.23,64.77
39.26,64.87
39.29,64.97
39.32,65.06
39.35,65.16
39.37,65.26
39.40,65.36
39.43,65.45
39.46,65.55
39.49,65.65
39.52,65.75
39.55,65.84
39.58,65.94
39.61,66.04
39.64,66.13
39.67,66.23
39.70,66.33
39.73,66.43
39.76,66.52
39.79,66.62
39.81,66.72
39.84,66.81
39.87,66.91
39.90,67.01
39.93,67.11
39.96,67.20
39.99,67.30
40.02,67.40
40.05,67.50
40.08,67.59
40.11,67.69
40.14,67.79
40.17,67.88
40.20,67.98
40.22,68.08
40.25,68.18
40.28,68.27
40.31,68.37
40.34,68.47
40.37,68.56
40.40,68.66
40.43,68.76
40.46,68.86
40.49,68.95
40.52,69.05
40.55,69.15
40.58,69.25
40.61,69.34
40.64,69.44
40.66,69.54
40.69,69.63
40.72,69.73
40.75,69.83
40.78,69.93
40.81,70.02
40.84,70.12
40.87,70.22
40.90,70.31
40.93,70.41
40.96,70.51
40.99,70.61
41.02,70.70
41.05,70.80
41.07,70.90
41.10,71.00
41.13,71.09
41.16,71.19
41.19,71.29
41.22,71.38
41.25,71.48
41.28,71.58
41.31,71.68
41.34,71.77
41.37,71.87
41.40,71.97
41.43,72.06
41.46,72.16
41.49,72.26
41.51,72.36
41.54,72.45
41.57,72.55
41.60,72.65
41.63,72.74
41.66,72.84
41.69,72.94
41.72,73.04
41.75,73.13
41.78,73.23
41.81,73.33
41.84,73.43
41.87,73.52
41.90,73.62
41.92,73.72
41.95,73.81
41.98,73.91
42.01,74.01
42.04,74.11
42.07,74.20
42.10,74.30
42.13,74.40
42.16,74.49
42.19,74.59
42.22,74.69
42.25,74.79
42.28,74.88
42.31,74.98
42.34,75.08
42.36,75.18
42.39,75.27
42.42,75.37
42.45,75.47
42.48,75.56
42.51,75.66
42.54,75.76
42.57,75.86
42.60,75.95
42.63,76.05
42.66,76.15
42.69,76.24
42.72,76.34
42.75,76.44
42.77,76.54
42.80,76.63
42.83,76.73
42.86,76.83
42.89,76.93
42.92,77.02
42.95,77.12
42.98,77.22
43.01,77.31
43.04,77.41
43.07,77.51
43.10,77.61
43.13,77.70
43.16,77.80
43.19,77.90
43.21,77.99
43.24,78.09
43.27,78.19
43.30,78.29
43.33,78.38
43.36,78.48
43.39,78.58
43.42,78.68
43.45,78.77
43.48,78.87
43.51,78.97
43.54,79.06
43.57,79.16
43.60,79.26
43.62,79.36
43.65,79.45
43.68,79.55
43.71,79.65
43.74,79.74
43.77,79.84
43.80,79.94
43.83,80.04
43.86,80.13
43.89,80.23
43.92,80.33
43.95,80.43
43.98,80.52
44.01,80.62
44.04,80.72
44.06,80.81
44.09,80.91
44.12,81.01
44.15,81.11
44.18,81.20
44.21,81.30
44.24,81.40
44.27,81.49
44.30,81.59
44.33,81.69
44.36,81.79
44.39,81.88
44.42,81.98
44.45,82.08
44.47,82.17
44.50,82.27
44.53,82.37
44.56,82.47
44.59,82.56
44.62,82.66
44.65,82.76
44.68,82.86
44.71,82.95
44.74,83.05
44.77,83.15
44.80,83.24
44.83,83.34
44.86,83.44
44.89,83.54
44.91,83.63
44.94,83.73
44.97,83.83
45.00,83.92
45.03,84.02
45.06,84.12
45.09,84.22
45.12,84.31
45.15,84.41
45.18,84.51
45.21,84.61
45.24,84.70
45.27,84.80
45.30,84.90
45.32,84.99
45.35,85.09
45.38,85.19
45.41,85.29
45.44,85.38
45.47,85.48
45.50,85.58
45.53,85.67
45.56,85.77
45.59,85.87
45.62,85.97
45.65,86.06
45.68,86.16
45.71,86.26
45.74,86.36
45.76,86.45
45.79,86.55
45.82,86.65
45.85,86.74
45.88,86.84
45.91,86.94
45.94,87.04
45.97,87.13
46.00,87.23
46.03,87.33
46.06,87.42
46.09,87.52
46.12,87.62
46.15,87.72
46.17,87.81
46.20,87.91
46.23,88.01
46.26,88.11
46.29,88.20
46.32,88.30
46.35,88.40
46.38,88.49
46.41,88.59
46.44,88.69
46.47,88.79
46.50,88.88
46.53,88.98
46.56,89.08
46.59,89.17
46.61,89.27
46.64,89.37
46.67,89.47
46.70,89.56
46.73,89.66
46.76,89.76
46.79,89.85
46.82,89.95
46.85,90.05
46.88,90.15
46.91,90.24
46.94,90.34
46.97,90.44
47.00,90.54
47.02,90.63
47.05,90.73
47.08,90.83
47.11,90.92
47.14,91.02
47.17,91.12
47.20,91.22
47.23,91.31
47.26,91.41
47.29,91.51
47.32,91.60
47.35,91.70
47.38,91.80
47.41,91.90
47.44,91.99
47.46,92.09
47.49,92.19
47.52,92.29
47.55,92.38
47.58,92.48
47.61,92.58
47.64,92.67
47.67,92.77
47.70,92.87
47.73,92.97
47.76,93.06
47.79,93.16
47.82,93.26
47.85,93.35
47.87,93.45
47.90,93.55
47.93,93.65
47.96,93.74
47.99,93.84
48.02,93.94
48.05,94.04
48.08,94.13
48.11,94.23
48.14,94.33
48.17,94.42
48.20,94.52
48.23,94.62
48.26,94.72
48.29,94.81
48.31,94.91
48.34,95.01
48.37,95.10
48.40,95.20
48.43,95.30
48.46,95.40
48.49,95.49
48.52,95.59
48.55,95.69
48.58,95.79
48.61,95.88
48.64,95.98
48.67,96.08
48.70,96.17
48.72,96.27
48.75,96.37
48.78,96.47
48.81,96.56
48.84,96.66
48.87,96.76
48.90,96.85
48.93,96.95
48.96,97.05
48.99,97.15
49.02,97.24
49.05,97.34
49.08,97.44
49.11,97.53
49.14,97.63
49.16,97.73
49.19,97.83
49.22,97.92
49.25,98.02
49.28,98.12
49.31,98.22
49.34,98.31
49.37,98.41
49.40,98.51
49.43,98.60
49.46,98.70
49.49,98.80
49.52,98.90
49.55,98.99
49.57,99.09
49.60,99.19
49.63,99.28
49.66,99.38
49.69,99.48
49.72,99.58
49.75,99.67
49.78,99.77
49.81,99.87
49.84,99.97
49.87,100.06
49.90,100.16
49.93,100.26
49.96,100.35
49.99,100.45
50.01,100.55
50.04,100.65
50.07,100.74
50.10,100.84
50.13,100.94
50.16,101.03
50.19,101.13
50.22,101.23
50.25,101.33
50.28,101.42
50.31,101.52
50.34,101.62
50.37,101.72
50.40,101.81
50.43,101.91
50.45,102.01
50.48,102.10
50.51,102.20
50.54,102.30
50.57,102.40
50.60,102.49
50.63,102.59
50.66,102.69
50.69,102.78
50.72,102.88
50.75,102.98
50.78,103.08
50.81,103.17
50.84,103.27
50.86,103.37
50.89,103.47
50.92,103.56
50.95,103.66
50.98,103.76
51.01,103.85
51.04,103.95
51.07,104.05
51.10,104.15
51.13,104.24
51.16,104.34
51.19,104.44
51.22,104.53
51.25,104.63
51.28,104.73
51.30,104.83
51.33,104.92
51.36,105.02
51.39,105.12
51.42,105.21
51.45,105.31
51.48,105.41
51.51,105.51
51.54,105.60
51.57,105.70
51.60,105.80
51.63,105.90
51.66,105.99
51.69,106.09
51.71,106.19
51.74,106.28
51.77,106.38
51.80,106.48
51.83,106.58
51.86,106.67
51.89,106.77
51.92,106.87
51.95,106.96
51.98,107.06
52.01,107.16
52.04,107.26
52.07,107.35
52.10,107.45
52.13,107.55
52.15,107.65
52.18,107.74
52.21,107.84
52.24,107.94
52.27,108.03
52.30,108.13
52.33,108.23
52.36,108.33
52.39,108.42
52.42,108.52
52.45,108.62
52.48,108.71
52.51,108.81
52.54,108.91
52.56,109.01
52.59,109.10
52.62,109.20
52.65,109.30
52.68,109.40
52.71,109.49
52.74,109.59
52.77,109.69
52.80,109.78
52.83,109.88
52.86,109.98
52.89,110.08
52.92,110.17
52.95,110.27
52.98,110.37
53.00,110.46
53.03,110.56
53.06,110.66
53.09,110.76
53.12,110.85
53.15,110.95
53.18,111.05
53.21,111.15
53.24,111.24
53.27,111.34
53.30,111.44
53.33,111.53
53.36,111.63
53.39,111.73
53.41,111.83
53.44,111.92
53.47,112.02
53.50,112.12
53.53,112.21
53.56,112.31
53.59,112.41
53.62,112.51
53.65,112.60
53.68,112.70
53.71,112.80
53.74,112.89
53.77,112.99
53.80,113.09
53.83,113.19
53.85,113.28
53.88,113.38
53.91,113.48
53.94,113.58
53.97,113.67
54.00,113.77
54.03,113.87
54.06,113.96
54.09,114.06
54.12,114.16
54.15,114.26
54.18,114.35
54.21,114.45
54.24,114.55
54.26,114.64
54.29,114.74
54.32,114.84
54.35,114.94
54.38,115.03
54.41,115.13
54.44,115.23
54.47,115.33
54.50,115.42
54.53,115.52
54.56,115.62
54.59,115.71
54.62,115.81
54.65,115.91
54.68,116.01
54.70,116.10
54.73,116.20
54.76,116.30
54.79,116.39
54.82,116.49
54.85,116.59
54.88,116.69
54.91,116.78
54.94,116.88
54.97,116.98
55.00,117.08
55.03,117.17
55.06,117.27
55.09,117.37
55.11,117.46
55.14,117.56
55.17,117.66
55.20,117.76
55.23,117.85
55.26,117.95
55.29,118.05
55.32,118.14
55.35,118.24
55.38,118.34
55.41,118.44
55.44,118.53
55.47,118.63
55.50,118.73
55.53,118.83
55.55,118.92
55.58,119.02
55.61,119.12
55.64,119.21
55.67,119.31
55.70,119.41
55.73,119.51
55.76,119.60
55.79,119.70
55.82,119.80
55.85,119.89
55.88,119.99
55.91,120.09
55.94,120.19
55.96,120.28
55.99,120.38
56.02,120.48
56.05,120.57
56.08,120.67
56.11,120.77
56.14,120.87
56.17,120.96
56.20,121.06
56.23,121.16
56.26,121.26
56.29,121.35
56.32,121.45
56.35,121.55
56.38,121.64
56.40,121.74
56.43,121.84
56.46,121.94
56.49,122.03
56.52,122.13
56.55,122.23
56.58,122.32
56.61,122.42
56.64,122.52
56.67,122.62
56.70,122.71
56.73,122.81
56.76,122.91
56.79,123.01
56.81,123.10
56.84,123.20
56.87,123.30
56.90,123.39
56.93,123.49
56.96,123.59
56.99,123.69
57.02,123.78
57.05,123.88
57.08,123.98
57.11,124.07
57.14,124.17
57.17,124.27
57.20,124.37
57.23,124.46
57.25,124.56
57.28,124.66
57.31,124.76
57.34,124.85
57.37,124.95
57.40,125.05
57.43,125.14
57.46,125.24
57.49,125.34
57.52,125.44
57.55,125.53
57.58,125.63
57.61,125.73
57.64,125.82
57.66,125.92
57.69,126.02
57.72,126.12
57.75,126.21
57.78,126.31
57.81,126.41
57.84,126.51
57.87,126.60
57.90,126.70
57.93,126.80
57.96,126.89
57.99,126.99
58.02,127.09
58.05,127.19
58.08,127.28
58.10,127.38
58.13,127.48
58.16,127.57
58.19,127.67
58.22,127.77
58.25,127.87
58.28,127.96
58.31,128.06
58.34,128.16
58.37,128.26
58.40,128.35
58.43,128.45
58.46,128.55
58.49,128.64
58.51,128.74
58.54,128.84
58.57,128.94
58.60,129.03
58.63,129.13
58.66,129.23
58.69,129.32
58.72,129.42
58.75,129.52
58.78,129.62
58.81,129.71
58.84,129.81
58.87,129.91
58.90,130.00
58.93,130.10
58.95,130.20
58.98,130.30
59.01,130.39
59.04,130.49
59.07,130.59
59.10,130.69
59.13,130.78
59.16,130.88
59.19,130.98
59.22,131.07
59.25,131.17
59.28,131.27
59.31,131.37
59.34,131.46
59.36,131.56
59.39,131.66
59.42,131.75
59.45,131.85
59.48,131.95
59.51,132.05
59.54,132.14
59.57,132.24
59.60,132.34
59.63,132.44
59.66,132.53
59.69,132.63
59.72,132.73
59.75,132.82
59.78,132.92
59.80,133.02
59.83,133.12
59.86,133.21
59.89,133.31
59.92,133.41
59.95,133.50
59.98,133.60
60.01,133.70
60.04,133.80
60.07,133.89
60.10,133.99
60.13,134.09
60.16,134.19
60.19,134.28
60.21,134.38
60.24,134.48
60.27,134.57
60.30,134.67
60.33,134.77
60.36,134.87
60.39,134.96
60.42,135.06
60.45,135.16
60.48,135.25
60.51,135.35
60.54,135.45
60.57,135.55
60.60,135.64
60.63,135.74
60.65,135.84
60.68,135.94
60.71,136.03
60.74,136.13
60.77,136.23
60.80,136.32
60.83,136.42
60.86,136.52
60.89,136.62
60.92,136.71
60.95,136.81
60.98,136.91
61.01,137.00
61.04,137.10
61.06,137.20
61.09,137.30
61.12,137.39
61.15,137.49
61.18,137.59
61.21,137.68
61.24,137.78
61.27,137.88
61.30,137.98
61.33,138.07
61.36,138.17
61.39,138.27
61.42,138.37
61.45,138.46
61.48,138.56
61.50,138.66
61.53,138.75
61.56,138.85
61.59,138.95
61.62,139.05
61.65,139.14
61.68,139.24
61.71,139.34
61.74,139.43
61.77,139.53
61.80,139.63
61.83,139.73
61.86,139.82
61.89,139.92
61.91,140.02
61.94,140.12
61.97,140.21
62.00,140.31
62.03,140.41
62.06,140.50
62.09,140.60
62.12,140.70
62.15,140.80
62.18,140.89
62.21,140.99
62.24,141.09
62.27,141.18
62.30,141.28
62.33,141.38
62.35,141.48
62.38,141.57
62.41,141.67
62.44,141.77
62.47,141.87
62.50,141.96
62.53,142.06
62.56,142.16
62.59,142.25
62.62,142.35
62.65,142.45
62.68,142.55
62.71,142.64
62.74,142.74
62.77,142.84
62.79,142.93
62.82,143.03
62.85,143.13
62.88,143.23
62.91,143.32
62.94,143.42
62.97,143.52
63.00,143.62
63.03,143.71
63.06,143.81
63.09,143.91
63.12,144.00
63.15,144.10
63.18,144.20
63.20,144.30
63.23,144.39
63.26,144.49
63.29,144.59
63.32,144.68
63.35,144.78
63.38,144.88
63.41,144.98
63.44,145.07
63.47,145.17
63.50,145.27
63.53,145.36
63.56,145.46
63.59,145.56
63.62,145.66
63.64,145.75
63.67,145.85
63.70,145.95
63.73,146.05
63.76,146.14
63.79,146.24
63.82,146.34
63.85,146.43
63.88,146.53
63.91,146.63
63.94,146.73
63.97,146.82
64.00,146.92
64.03,147.02
64.05,147.11
64.08,147.21
64.11,147.31
64.14,147.41
64.17,147.50
64.20,147.60
64.23,147.70
64.26,147.80
64.29,147.89
64.32,147.99
64.35,148.09
64.38,148.18
64.41,148.28
64.44,148.38
64.47,148.48
64.49,148.57
64.52,148.67
64.55,148.77
64.58,148.86
64.61,148.96
64.64,149.06
64.67,149.16
64.70,149.25
64.73,149.35
64.76,149.45
64.79,149.55
64.82,149.64
64.85,149.74
64.88,149.84
64.90,149.93
64.93,150.03
64.96,150.13
64.99,150.23
65.02,150.32
65.05,150.42
65.08,150.52
65.11,150.61
65.14,150.71
65.17,150.81
65.20,150.91
65.23,151.00
65.26,151.10
65.29,151.20
65.32,151.30
65.34,151.39
65.37,151.49
65.40,151.59
65.43,151.68
65.46,151.78
65.49,151.88
65.52,151.98
65.55,152.07
65.58,152.17
65.61,152.27
65.64,152.36
65.67,152.46
65.70,152.56
65.73,152.66
65.75,152.75
65.78,152.85
65.81,152.95
65.84,153.04
65.87,153.14
65.90,153.24
65.93,153.34
65.96,153.43
65.99,153.53
66.02,153.63
66.05,153.73
66.08,153.82
66.11,153.92
66.14,154.02
66.17,154.11
66.19,154.21
66.22,154.31
66.25,154.41
66.28,154.50
66.31,154.60
66.34,154.70
66.37,154.79
66.40,154.89
66.43,154.99
66.46,155.09
66.49,155.18
66.52,155.28
66.55,155.38
66.58,155.48
66.60,155.57
66.63,155.67
66.66,155.77
66.69,155.86
66.72,155.96
66.75,156.06
66.78,156.16
66.81,156.25
66.84,156.35
66.87,156.45
66.90,156.54
66.93,156.64
66.96,156.74
66.99,156.84
67.02,156.93
67.04,157.03
67.07,157.13
67.10,157.23
67.13,157.32
67.16,157.42
67.19,157.52
67.22,157.61
67.25,157.71
67.28,157.81
67.31,157.91
67.34,158.00
67.37,158.10
67.40,158.20
67.43,158.29
67.45,158.39
67.48,158.49
67.51,158.59
67.54,158.68
67.57,158.78
67.60,158.88
67.63,158.98
67.66,159.07
67.69,159.17
67.72,159.27
67.75,159.36
67.78,159.46
67.81,159.56
67.84,159.66
67.87,159.75
67.89,159.85
67.92,159.95
67.95,160.04
67.98,160.14
68.01,160.24
68.04,160.34
68.07,160.43
68.10,160.53
68.13,160.63
68.16,160.72
68.19,160.82
68.22,160.92
68.25,161.02
68.28,161.11
68.30,161.21
68.33,161.31
68.36,161.41
68.39,161.50
68.42,161.60
68.45,161.70
68.48,161.79
68.51,161.89
68.54,161.99
68.57,162.09
68.60,162.18
68.63,162.28
68.66,162.38
68.69,162.47
68.72,162.57
68.74,162.67
68.77,162.77
68.80,162.86
68.83,162.96
68.86,163.06
68.89,163.16
68.92,163.25
68.95,163.35
68.98,163.45
69.01,163.54
69.04,163.64
69.07,163.74
69.10,163.84
69.13,163.93
69.15,164.03
69.18,164.13
69.21,164.22
69.24,164.32
69.27,164.42
69.30,164.52
69.33,164.61
69.36,164.71
69.39,164.81
69.42,164.91
69.45,165.00
69.48,165.10
69.51,165.20
69.54,165.29
69.57,165.39
69.59,165.49
69.62,165.59
69.65,165.68
69.68,165.78
69.71,165.88
69.74,165.97
69.77,166.07
69.80,166.17
69.83,166.27
69.86,166.36
69.89,166.46
69.92,166.56
69.95,166.66
69.98,166.75
70.00,166.85
70.03,166.95
70.06,167.04
70.09,167.14
70.12,167.24
70.15,167.34
70.18,167.43
70.21,167.53
70.24,167.63
70.27,167.72
70.30,167.82
70.33,167.92
70.36,168.02
70.39,168.11
70.42,168.21
70.44,168.31
70.47,168.40
70.50,168.50
70.53,168.60
70.56,168.70
70.59,168.79
70.62,168.89
70.65,168.99
70.68,169.09
70.71,169.18
70.74,169.28
70.77,169.38
70.80,169.47
70.83,169.57
70.85,169.67
70.88,169.77
70.91,169.86
70.94,169.96
70.97,170.06
71.00,170.15
71.03,170.25
71.06,170.35
71.09,170.45
71.12,170.54
71.15,170.64
71.18,170.74
71.21,170.84
71.24,170.93
71.27,171.03
71.29,171.13
71.32,171.22
71.35,171.32
71.38,171.42
71.41,171.52
71.44,171.61
71.47,171.71
71.50,171.81
71.53,171.90
71.56,172.00
71.59,172.10
71.62,172.20
71.65,172.29
71.68,172.39
71.70,172.49
71.73,172.59
71.76,172.68
71.79,172.78
71.82,172.88
71.85,172.97
71.88,173.07
71.91,173.17
71.94,173.27
71.97,173.36
72.00,173.46
72.03,173.56
72.06,173.65
72.09,173.75
72.12,173.85
72.14,173.95
72.17,174.04
72.20,174.14
72.23,174.24
72.26,174.34
72.29,174.43
72.32,174.53
72.35,174.63
72.38,174.72
72.41,174.82
72.44,174.92
72.47,175.02
72.50,175.11
72.53,175.21
72.55,175.31
72.58,175.40
72.61,175.50
72.64,175.60
72.67,175.70
72.70,175.79
72.73,175.89
72.76,175.99
72.79,176.09
72.82,176.18
72.85,176.28
72.88,176.38
72.91,176.47
72.94,176.57
72.97,176.67
72.99,176.77
73.02,176.86
73.05,176.96
73.08,177.06
73.11,177.15
73.14,177.25
73.17,177.35
73.20,177.45
73.23,177.54
73.26,177.64
73.29,177.74
73.32,177.83
73.35,177.93
73.38,178.03
73.40,178.13
73.43,178.22
73.46,178.32
73.49,178.42
73.52,178.52
73.55,178.61
73.58,178.71
73.61,178.81
73.64,178.90
73.67,179.00
73.70,179.10
73.73,179.20
73.76,179.29
73.79,179.39
73.82,179.49
73.84,179.58
73.87,179.68
73.90,179.78
73.93,179.88
73.96,179.97
73.99,180.07
74.02,180.17
74.05,180.27
74.08,180.36
74.11,180.46
74.14,180.56
74.17,180.65
74.20,180.75
74.23,180.85
74.26,180.95
74.28,181.04
74.31,181.14
74.34,181.24
74.37,181.33
74.40,181.43
74.43,181.53
74.46,181.63
74.49,181.72
74.52,181.82
74.55,181.92
74.58,182.02
74.61,182.11
74.64,182.21
74.67,182.31
74.69,182.40
74.72,182.50
74.75,182.60
74.78,182.70
74.81,182.79
74.84,182.89
74.87,182.99
74.90,183.08
74.93,183.18
74.96,183.28
74.99,183.38
75.02,183.47
75.05,183.57
75.08,183.67
75.11,183.77
75.13,183.86
75.16,183.96
75.19,184.06
75.22,184.15
75.25,184.25
75.28,184.35
75.31,184.45
75.34,184.54
75.37,184.64
75.40,184.74
75.43,184.83
75.46,184.93
75.49,185.03
75.52,185.13
75.54,185.22
75.57,185.32
75.60,185.42
75.63,185.51
75.66,185.61
75.69,185.71
75.72,185.81
75.75,185.90
75.78,186.00
75.81,186.10
75.84,186.20
75.87,186.29
75.90,186.39
75.93,186.49
75.96,186.58
75.98,186.68
76.01,186.78
76.04,186.88
76.07,186.97
76.10,187.07
76.13,187.17
76.16,187.26
76.19,187.36
76.22,187.46
76.25,187.56
76.28,187.65
76.31,187.75
76.34,187.85
76.37,187.95
76.39,188.04
76.42,188.14
76.45,188.24
76.48,188.33
76.51,188.43
76.54,188.53
76.57,188.63
76.60,188.72
76.63,188.82
76.66,188.92
76.69,189.01
76.72,189.11
76.75,189.21
76.78,189.31
76.81,189.40
76.83,189.50
76.86,189.60
76.89,189.70
76.92,189.79
76.95,189.89
76.98,189.99
77.01,190.08
77.04,190.18
77.07,190.28
77.10,190.38
77.13,190.47
77.16,190.57
77.19,190.67
77.22,190.76
77.24,190.86
77.27,190.96
77.30,191.06
77.33,191.15
77.36,191.25
77.39,191.35
77.42,191.45
77.45,191.54
77.48,191.64
77.51,191.74
77.54,191.83
77.57,191.93
77.60,192.03
77.63,192.13
77.66,192.22
77.68,192.32
77.71,192.42
77.74,192.51
77.77,192.61
77.80,192.71
77.83,192.81
77.86,192.90
77.89,193.00
77.92,193.10
77.95,193.19
77.98,193.29
78.01,193.39
78.04,193.49
78.07,193.58
78.09,193.68
78.12,193.78
78.15,193.88
78.18,193.97
78.21,194.07
78.24,194.17
78.27,194.26
78.30,194.36
78.33,194.46
78.36,194.56
78.39,194.65
78.42,194.75
78.45,194.85
78.48,194.94
78.51,195.04
78.53,195.14
78.56,195.24
78.59,195.33
78.62,195.43
78.65,195.53
78.68,195.63
78.71,195.72
78.74,195.82
78.77,195.92
78.80,196.01
78.83,196.11
78.86,196.21
78.89,196.31
78.92,196.40
78.94,196.50
78.97,196.60
79.00,196.69
79.03,196.79
79.06,196.89
79.09,196.99
79.12,197.08
79.15,197.18
79.18,197.28
79.21,197.38
79.24,197.47
79.27,197.57
79.30,197.67
79.33,197.76
79.36,197.86
79.38,197.96
79.41,198.06
79.44,198.15
79.47,198.25
79.50,198.35
79.53,198.44
79.56,198.54
79.59,198.64
79.62,198.74
79.65,198.83
79.68,198.93
79.71,199.03
79.74,199.13
79.77,199.22
79.79,199.32
79.82,199.42
79.85,199.51
79.88,199.61
79.91,199.71
79.94,199.81
79.97,199.90
80.00,200.00
