20.00,1.00
20.01,1.05
20.03,1.10
20.04,1.15
20.06,1.19
20.07,1.24
20.09,1.29
20.10,1.34
20.12,1.39
20.13,1.44
20.15,1.49
20.16,1.53
20.18,1.58
20.19,1.63
20.21,1.68
20.22,1.73
20.23,1.78
20.25,1.83
20.26,1.87
20.28,1.92
20.29,1.97
20.31,2.02
20.32,2.07
20.34,2.12
20.35,2.17
20.37,2.21
20.38,2.26
20.40,2.31
20.41,2.36
20.42,2.41
20.44,2.46
20.45,2.51
20.47,2.56
20.48,2.60
20.50,2.65
20.51,2.70
20.53,2.75
20.54,2.80
20.56,2.85
20.57,2.90
20.59,2.94
20.60,2.99
20.62,3.04
20.63,3.09
20.64,3.14
20.66,3.19
20.67,3.24
20.69,3.28
20.70,3.33
20.72,3.38
20.73,3.43
20.75,3.48
20.76,3.53
20.78,3.58
20.79,3.62
20.81,3.67
20.82,3.72
20.84,3.77
20.85,3.82
20.86,3.87
20.88,3.92
20.89,3.96
20.91,4.01
20.92,4.06
20.94,4.11
20.95,4.16
20.97,4.21
20.98,4.26
21.00,4.30
21.01,4.35
21.03,4.40
21.04,4.45
21.05,4.50
21.07,4.55
21.08,4.60
21.10,4.64
21.11,4.69
21.13,4.74
21.14,4.79
21.16,4.84
21.17,4.89
21.19,4.94
21.20,4.98
21.22,5.03
21.23,5.08
21.25,5.13
21.26,5.18
21.27,5.23
21.29,5.28
21.30,5.33
21.32,5.37
21.33,5.42
21.35,5.47
21.36,5.52
21.38,5.57
21.39,5.62
21.41,5.67
21.42,5.71
21.44,5.76
21.45,5.81
21.47,5.86
21.48,5.91
21.49,5.96
21.51,6.01
21.52,6.05
21.54,6.10
21.55,6.15
21.57,6.20
21.58,6.25
21.60,6.30
21.61,6.35
21.63,6.39
21.64,6.44
21.66,6.49
21.67,6.54
21.68,6.59
21.70,6.64
21.71,6.69
21.73,6.73
21.74,6.78
21.76,6.83
21.77,6.88
21.79,6.93
21.80,6.98
21.82,7.03
21.83,7.07
21.85,7.12
21.86,7.17
21.88,7.22
21.89,7.27
21.90,7.32
21.92,7.37
21.93,7.41
21.95,7.46
21.96,7.51
21.98,7.56
21.99,7.61
22.01,7.66
22.02,7.71
22.04,7.75
22.05,7.80
22.07,7.85
22.08,7.90
22.10,7.95
22.11,8.00
22.12,8.05
22.14,8.09
22.15,8.14
22.17,8.19
22.18,8.24
22.20,8.29
22.21,8.34
22.23,8.39
22.24,8.44
22.26,8.48
22.27,8.53
22.29,8.58
22.30,8.63
22.32,8.68
22.33,8.73
22.34,8.78
22.36,8.82
22.37,8.87
22.39,8.92
22.40,8.97
22.42,9.02
22.43,9.07
22.45,9.12
22.46,9.16
22.48,9.21
22.49,9.26
22.51,9.31
22.52,9.36
22.53,9.41
22.55,9.46
22.56,9.50
22.58,9.55
22.59,9.60
22.61,9.65
22.62,9.70
22.64,9.75
22.65,9.80
22.67,9.84
22.68,9.89
22.70,9.94
22.71,9.99
22.73,10.04
22.74,10.09
22.75,10.14
22.77,10.18
22.78,10.23
22.80,10.28
22.81,10.33
22.83,10.38
22.84,10.43
22.86,10.48
22.87,10.52
22.89,10.57
22.90,10.62
22.92,10.67
22.93,10.72
22.95,10.77
22.96,10.82
22.97,10.86
22.99,10.91
23.00,10.96
23.02,11.01
23.03,11.06
23.05,11.11
23.06,11.16
23.08,11.21
23.09,11.25
23.11,11.30
23.12,11.35
23.14,11.40
23.15,11.45
23.16,11.50
23.18,11.55
23.19,11.59
23.21,11.64
23.22,11.69
23.24,11.74
23.25,11.79
23.27,11.84
23.28,11.89
23.30,11.93
23.31,11.98
23.33,12.03
23.34,12.08
23.36,12.13
23.37,12.18
23.38,12.23
23.40,12.27
23.41,12.32
23.43,12.37
23.44,12.42
23.46,12.47
23.47,12.52
23.49,12.57
23.50,12.61
23.52,12.66
23.53,12.71
23.55,12.76
23.56,12.81
23.58,12.86
23.59,12.91
23.60,12.95
23.62,13.00
23.63,13.05
23.65,13.10
23.66,13.15
23.68,13.20
23.69,13.25
23.71,13.29
23.72,13.34
23.74,13.39
23.75,13.44
23.77,13.49
23.78,13.54
23.79,13.59
23.81,13.63
23.82,13.68
23.84,13.73
23.85,13.78
23.87,13.83
23.88,13.88
23.90,13.93
23.91,13.98
23.93,14.02
23.94,14.07
23.96,14.12
23.97,14.17
23.99,14.22
24.00,14.27
24.01,14.32
24.03,14.36
24.04,14.41
24.06,14.46
24.07,14.51
24.09,14.56
24.10,14.61
24.12,14.66
24.13,14.70
24.15,14.75
24.16,14.80
24.18,14.85
24.19,14.90
24.21,14.95
24.22,15.00
24.23,15.04
24.25,15.09
24.26,15.14
24.28,15.19
24.29,15.24
24.31,15.29
24.32,15.34
24.34,15.38
24.35,15.43
24.37,15.48
24.38,15.53
24.40,15.58
24.41,15.63
24.42,15.68
24.44,15.72
24.45,15.77
24.47,15.82
24.48,15.87
24.50,15.92
24.51,15.97
24.53,16.02
24.54,16.06
24.56,16.11
24.57,16.16
24.59,16.21
24.60,16.26
24.62,16.31
24.63,16.36
24.64,16.40
24.66,16.45
24.67,16.50
24.69,16.55
24.70,16.60
24.72,16.65
24.73,16.70
24.75,16.75
24.76,16.79
24.78,16.84
24.79,16.89
24.81,16.94
24.82,16.99
24.84,17.04
24.85,17.09
24.86,17.13
24.88,17.18
24.89,17.23
24.91,17.28
24.92,17.33
24.94,17.38
24.95,17.43
24.97,17.47
24.98,17.52
25.00,17.57
25.01,17.62
25.03,17.67
25.04,17.72
25.05,17.77
25.07,17.81
25.08,17.86
25.10,17.91
25.11,17.96
25.13,18.01
25.14,18.06
25.16,18.11
25.17,18.15
25.19,18.20
25.20,18.25
25.22,18.30
25.23,18.35
25.25,18.40
25.26,18.45
25.27,18.49
25.29,18.54
25.30,18.59
25.32,18.64
25.33,18.69
25.35,18.74
25.36,18.79
25.38,18.83
25.39,18.88
25.41,18.93
25.42,18.98
25.44,19.03
25.45,19.08
25.47,19.13
25.48,19.17
25.49,19.22
25.51,19.27
25.52,19.32
25.54,19.37
25.55,19.42
25.57,19.47
25.58,19.52
25.60,19.56
25.61,19.61
25.63,19.66
25.64,19.71
25.66,19.76
25.67,19.81
25.68,19.86
25.70,19.90
25.71,19.95
25.73,20.00
25.74,20.05
25.76,20.10
25.77,20.15
25.79,20.20
25.80,20.24
25.82,20.29
25.83,20.34
25.85,20.39
25.86,20.44
25.88,20.49
25.89,20.54
25.90,20.58
25.92,20.63
25.93,20.68
25.95,20.73
25.96,20.78
25.98,20.83
25.99,20.88
26.01,20.92
26.02,20.97
26.04,21.02
26.05,21.07
26.07,21.12
26.08,21.17
26.10,21.22
26.11,21.26
26.12,21.31
26.14,21.36
26.15,21.41
26.17,21.46
26.18,21.51
26.20,21.56
26.21,21.60
26.23,21.65
26.24,21.70
26.26,21.75
26.27,21.80
26.29,21.85
26.30,21.90
26.32,21.94
26.33,21.99
26.34,22.04
26.36,22.09
26.37,22.14
26.39,22.19
26.40,22.24
26.42,22.28
26.43,22.33
26.45,22.38
26.46,22.43
26.48,22.48
26.49,22.53
26.51,22.58
26.52,22.63
26.53,22.67
26.55,22.72
26.56,22.77
26.58,22.82
26.59,22.87
26.61,22.92
26.62,22.97
26.64,23.01
26.65,23.06
26.67,23.11
26.68,23.16
26.70,23.21
26.71,23.26
26.73,23.31
26.74,23.35
26.75,23.40
26.77,23.45
26.78,23.50
26.80,23.55
26.81,23.60
26.83,23.65
26.84,23.69
26.86,23.74
26.87,23.79
26.89,23.84
26.90,23.89
26.92,23.94
26.93,23.99
26.95,24.03
26.96,24.08
26.97,24.13
26.99,24.18
27.00,24.23
27.02,24.28
27.03,24.33
27.05,24.37
27.06,24.42
27.08,24.47
27.09,24.52
27.11,24.57
27.12,24.62
27.14,24.67
27.15,24.71
27.16,24.76
27.18,24.81
27.19,24.86
27.21,24.91
27.22,24.96
27.24,25.01
27.25,25.05
27.27,25.10
27.28,25.15
27.30,25.20
27.31,25.25
27.33,25.30
27.34,25.35
27.36,25.40
27.37,25.44
27.38,25.49
27.40,25.54
27.41,25.59
27.43,25.64
27.44,25.69
27.46,25.74
27.47,25.78
27.49,25.83
27.50,25.88
27.52,25.93
27.53,25.98
27.55,26.03
27.56,26.08
27.58,26.12
27.59,26.17
27.60,26.22
27.62,26.27
27.63,26.32
27.65,26.37
27.66,26.42
27.68,26.46
27.69,26.51
27.71,26.56
27.72,26.61
27.74,26.66
27.75,26.71
27.77,26.76
27.78,26.80
27.79,26.85
27.81,26.90
27.82,26.95
27.84,27.00
27.85,27.05
27.87,27.10
27.88,27.14
27.90,27.19
27.91,27.24
27.93,27.29
27.94,27.34
27.96,27.39
27.97,27.44
27.99,27.48
28.00,27.53
28.01,27.58
28.03,27.63
28.04,27.68
28.06,27.73
28.07,27.78
28.09,27.82
28.10,27.87
28.12,27.92
28.13,27.97
28.15,28.02
28.16,28.07
28.18,28.12
28.19,28.17
28.21,28.21
28.22,28.26
28.23,28.31
28.25,28.36
28.26,28.41
28.28,28.46
28.29,28.51
28.31,28.55
28.32,28.60
28.34,28.65
28.35,28.70
28.37,28.75
28.38,28.80
28.40,28.85
28.41,28.89
28.42,28.94
28.44,28.99
28.45,29.04
28.47,29.09
28.48,29.14
28.50,29.19
28.51,29.23
28.53,29.28
28.54,29.33
28.56,29.38
28.57,29.43
28.59,29.48
28.60,29.53
28.62,29.57
28.63,29.62
28.64,29.67
28.66,29.72
28.67,29.77
28.69,29.82
28.70,29.87
28.72,29.91
28.73,29.96
28.75,30.01
28.76,30.06
28.78,30.11
28.79,30.16
28.81,30.21
28.82,30.25
28.84,30.30
28.85,30.35
28.86,30.40
28.88,30.45
28.89,30.50
28.91,30.55
28.92,30.59
28.94,30.64
28.95,30.69
28.97,30.74
28.98,30.79
29.00,30.84
29.01,30.89
29.03,30.94
29.04,30.98
29.05,31.03
29.07,31.08
29.08,31.13
29.10,31.18
29.11,31.23
29.13,31.28
29.14,31.32
29.16,31.37
29.17,31.42
29.19,31.47
29.20,31.52
29.22,31.57
29.23,31.62
29.25,31.66
29.26,31.71
29.27,31.76
29.29,31.81
29.30,31.86
29.32,31.91
29.33,31.96
29.35,32.00
29.36,32.05
29.38,32.10
29.39,32.15
29.41,32.20
29.42,32.25
29.44,32.30
29.45,32.34
29.47,32.39
29.48,32.44
29.49,32.49
29.51,32.54
29.52,32.59
29.54,32.64
29.55,32.68
29.57,32.73
29.58,32.78
29.60,32.83
29.61,32.88
29.63,32.93
29.64,32.98
29.66,33.02
29.67,33.07
29.68,33.12
29.70,33.17
29.71,33.22
29.73,33.27
29.74,33.32
29.76,33.36
29.77,33.41
29.79,33.46
29.80,33.51
29.82,33.56
29.83,33.61
29.85,33.66
29.86,33.71
29.88,33.75
29.89,33.80
29.90,33.85
29.92,33.90
29.93,33.95
29.95,34.00
29.96,34.05
29.98,34.09
29.99,34.14
30.01,34.19
30.02,34.24
30.04,34.29
30.05,34.34
30.07,34.39
30.08,34.43
30.10,34.48
30.11,34.53
30.12,34.58
30.14,34.63
30.15,34.68
30.17,34.73
30.18,34.77
30.20,34.82
30.21,34.87
30.23,34.92
30.24,34.97
30.26,35.02
30.27,35.07
30.29,35.11
30.30,35.16
30.32,35.21
30.33,35.26
30.34,35.31
30.36,35.36
30.37,35.41
30.39,35.45
30.40,35.50
30.42,35.55
30.43,35.60
30.45,35.65
30.46,35.70
30.48,35.75
30.49,35.79
30.51,35.84
30.52,35.89
30.53,35.94
30.55,35.99
30.56,36.04
30.58,36.09
30.59,36.13
30.61,36.18
30.62,36.23
30.64,36.28
30.65,36.33
30.67,36.38
30.68,36.43
30.70,36.47
30.71,36.52
30.73,36.57
30.74,36.62
30.75,36.67
30.77,36.72
30.78,36.77
30.80,36.82
30.81,36.86
30.83,36.91
30.84,36.96
30.86,37.01
30.87,37.06
30.89,37.11
30.90,37.16
30.92,37.20
30.93,37.25
30.95,37.30
30.96,37.35
30.97,37.40
30.99,37.45
31.00,37.50
31.02,37.54
31.03,37.59
31.05,37.64
31.06,37.69
31.08,37.74
31.09,37.79
31.11,37.84
31.12,37.88
31.14,37.93
31.15,37.98
31.16,38.03
31.18,38.08
31.19,38.13
31.21,38.18
31.22,38.22
31.24,38.27
31.25,38.32
31.27,38.37
31.28,38.42
31.30,38.47
31.31,38.52
31.33,38.56
31.34,38.61
31.36,38.66
31.37,38.71
31.38,38.76
31.40,38.81
31.41,38.86
31.43,38.90
31.44,38.95
31.46,39.00
31.47,39.05
31.49,39.10
31.50,39.15
31.52,39.20
31.53,39.24
31.55,39.29
31.56,39.34
31.58,39.39
31.59,39.44
31.60,39.49
31.62,39.54
31.63,39.59
31.65,39.63
31.66,39.68
31.68,39.73
31.69,39.78
31.71,39.83
31.72,39.88
31.74,39.93
31.75,39.97
31.77,40.02
31.78,40.07
31.79,40.12
31.81,40.17
31.82,40.22
31.84,40.27
31.85,40.31
31.87,40.36
31.88,40.41
31.90,40.46
31.91,40.51
31.93,40.56
31.94,40.61
31.96,40.65
31.97,40.70
31.99,40.75
32.00,40.80
32.01,40.85
32.03,40.90
32.04,40.95
32.06,40.99
32.07,41.04
32.09,41.09
32.10,41.14
32.12,41.19
32.13,41.24
32.15,41.29
32.16,41.33
32.18,41.38
32.19,41.43
32.21,41.48
32.22,41.53
32.23,41.58
32.25,41.63
32.26,41.67
32.28,41.72
32.29,41.77
32.31,41.82
32.32,41.87
32.34,41.92
32.35,41.97
32.37,42.01
32.38,42.06
32.40,42.11
32.41,42.16
32.42,42.21
32.44,42.26
32.45,42.31
32.47,42.36
32.48,42.40
32.50,42.45
32.51,42.50
32.53,42.55
32.54,42.60
32.56,42.65
32.57,42.70
32.59,42.74
32.60,42.79
32.62,42.84
32.63,42.89
32.64,42.94
32.66,42.99
32.67,43.04
32.69,43.08
32.70,43.13
32.72,43.18
32.73,43.23
32.75,43.28
32.76,43.33
32.78,43.38
32.79,43.42
32.81,43.47
32.82,43.52
32.84,43.57
32.85,43.62
32.86,43.67
32.88,43.72
32.89,43.76
32.91,43.81
32.92,43.86
32.94,43.91
32.95,43.96
32.97,44.01
32.98,44.06
33.00,44.10
33.01,44.15
33.03,44.20
33.04,44.25
33.05,44.30
33.07,44.35
33.08,44.40
33.10,44.44
33.11,44.49
33.13,44.54
33.14,44.59
33.16,44.64
33.17,44.69
33.19,44.74
33.20,44.78
33.22,44.83
33.23,44.88
33.25,44.93
33.26,44.98
33.27,45.03
33.29,45.08
33.30,45.13
33.32,45.17
33.33,45.22
33.35,45.27
33.36,45.32
33.38,45.37
33.39,45.42
33.41,45.47
33.42,45.51
33.44,45.56
33.45,45.61
33.47,45.66
33.48,45.71
33.49,45.76
33.51,45.81
33.52,45.85
33.54,45.90
33.55,45.95
33.57,46.00
33.58,46.05
33.60,46.10
33.61,46.15
33.63,46.19
33.64,46.24
33.66,46.29
33.67,46.34
33.68,46.39
33.70,46.44
33.71,46.49
33.73,46.53
33.74,46.58
33.76,46.63
33.77,46.68
33.79,46.73
33.80,46.78
33.82,46.83
33.83,46.87
33.85,46.92
33.86,46.97
33.88,47.02
33.89,47.07
33.90,47.12
33.92,47.17
33.93,47.21
33.95,47.26
33.96,47.31
33.98,47.36
33.99,47.41
34.01,47.46
34.02,47.51
34.04,47.55
34.05,47.60
34.07,47.65
34.08,47.70
34.10,47.75
34.11,47.80
34.12,47.85
34.14,47.89
34.15,47.94
34.17,47.99
34.18,48.04
34.20,48.09
34.21,48.14
34.23,48.19
34.24,48.24
34.26,48.28
34.27,48.33
34.29,48.38
34.30,48.43
34.32,48.48
34.33,48.53
34.34,48.58
34.36,48.62
34.37,48.67
34.39,48.72
34.40,48.77
34.42,48.82
34.43,48.87
34.45,48.92
34.46,48.96
34.48,49.01
34.49,49.06
34.51,49.11
34.52,49.16
34.53,49.21
34.55,49.26
34.56,49.30
34.58,49.35
34.59,49.40
34.61,49.45
34.62,49.50
34.64,49.55
34.65,49.60
34.67,49.64
34.68,49.69
34.70,49.74
34.71,49.79
34.73,49.84
34.74,49.89
34.75,49.94
34.77,49.98
34.78,50.03
34.80,50.08
34.81,50.13
34.83,50.18
34.84,50.23
34.86,50.28
34.87,50.32
34.89,50.37
34.90,50.42
34.92,50.47
34.93,50.52
34.95,50.57
34.96,50.62
34.97,50.66
34.99,50.71
35.00,50.76
35.02,50.81
35.03,50.86
35.05,50.91
35.06,50.96
35.08,51.01
35.09,51.05
35.11,51.10
35.12,51.15
35.14,51.20
35.15,51.25
35.16,51.30
35.18,51.35
35.19,51.39
35.21,51.44
35.22,51.49
35.24,51.54
35.25,51.59
35.27,51.64
35.28,51.69
35.30,51.73
35.31,51.78
35.33,51.83
35.34,51.88
35.36,51.93
35.37,51.98
35.38,52.03
35.40,52.07
35.41,52.12
35.43,52.17
35.44,52.22
35.46,52.27
35.47,52.32
35.49,52.37
35.50,52.41
35.52,52.46
35.53,52.51
35.55,52.56
35.56,52.61
35.58,52.66
35.59,52.71
35.60,52.75
35.62,52.80
35.63,52.85
35.65,52.90
35.66,52.95
35.68,53.00
35.69,53.05
35.71,53.09
35.72,53.14
35.74,53.19
35.75,53.24
35.77,53.29
35.78,53.34
35.79,53.39
35.81,53.43
35.82,53.48
35.84,53.53
35.85,53.58
35.87,53.63
35.88,53.68
35.90,53.73
35.91,53.78
35.93,53.82
35.94,53.87
35.96,53.92
35.97,53.97
35.99,54.02
36.00,54.07
36.01,54.12
36.03,54.16
36.04,54.21
36.06,54.26
36.07,54.31
36.09,54.36
36.10,54.41
36.12,54.46
36.13,54.50
36.15,54.55
36.16,54.60
36.18,54.65
36.19,54.70
36.21,54.75
36.22,54.80
36.23,54.84
36.25,54.89
36.26,54.94
36.28,54.99
36.29,55.04
36.31,55.09
36.32,55.14
36.34,55.18
36.35,55.23
36.37,55.28
36.38,55.33
36.40,55.38
36.41,55.43
36.42,55.48
36.44,55.52
36.45,55.57
36.47,55.62
36.48,55.67
36.50,55.72
36.51,55.77
36.53,55.82
36.54,55.86
36.56,55.91
36.57,55.96
36.59,56.01
36.60,56.06
36.62,56.11
36.63,56.16
36.64,56.20
36.66,56.25
36.67,56.30
36.69,56.35
36.70,56.40
36.72,56.45
36.73,56.50
36.75,56.55
36.76,56.59
36.78,56.64
36.79,56.69
36.81,56.74
36.82,56.79
36.84,56.84
36.85,56.89
36.86,56.93
36.88,56.98
36.89,57.03
36.91,57.08
36.92,57.13
36.94,57.18
36.95,57.23
36.97,57.27
36.98,57.32
37.00,57.37
37.01,57.42
37.03,57.47
37.04,57.52
37.05,57.57
37.07,57.61
37.08,57.66
37.10,57.71
37.11,57.76
37.13,57.81
37.14,57.86
37.16,57.91
37.17,57.95
37.19,58.00
37.20,58.05
37.22,58.10
37.23,58.15
37.25,58.20
37.26,58.25
37.27,58.29
37.29,58.34
37.30,58.39
37.32,58.44
37.33,58.49
37.35,58.54
37.36,58.59
37.38,58.63
37.39,58.68
37.41,58.73
37.42,58.78
37.44,58.83
37.45,58.88
37.47,58.93
37.48,58.97
37.49,59.02
37.51,59.07
37.52,59.12
37.54,59.17
37.55,59.22
37.57,59.27
37.58,59.32
37.60,59.36
37.61,59.41
37.63,59.46
37.64,59.51
37.66,59.56
37.67,59.61
37.68,59.66
37.70,59.70
37.71,59.75
37.73,59.80
37.74,59.85
37.76,59.90
37.77,59.95
37.79,60.00
37.80,60.04
37.82,60.09
37.83,60.14
37.85,60.19
37.86,60.24
37.88,60.29
37.89,60.34
37.90,60.38
37.92,60.43
37.93,60.48
37.95,60.53
37.96,60.58
37.98,60.63
37.99,60.68
38.01,60.72
38.02,60.77
38.04,60.82
38.05,60.87
38.07,60.92
38.08,60.97
38.10,61.02
38.11,61.06
38.12,61.11
38.14,61.16
38.15,61.21
38.17,61.26
38.18,61.31
38.20,61.36
38.21,61.40
38.23,61.45
38.24,61.50
38.26,61.55
38.27,61.60
38.29,61.65
38.30,61.70
38.32,61.74
38.33,61.79
38.34,61.84
38.36,61.89
38.37,61.94
38.39,61.99
38.40,62.04
38.42,62.08
38.43,62.13
38.45,62.18
38.46,62.23
38.48,62.28
38.49,62.33
38.51,62.38
38.52,62.43
38.53,62.47
38.55,62.52
38.56,62.57
38.58,62.62
38.59,62.67
38.61,62.72
38.62,62.77
38.64,62.81
38.65,62.86
38.67,62.91
38.68,62.96
38.70,63.01
38.71,63.06
38.73,63.11
38.74,63.15
38.75,63.20
38.77,63.25
38.78,63.30
38.80,63.35
38.81,63.40
38.83,63.45
38.84,63.49
38.86,63.54
38.87,63.59
38.89,63.64
38.90,63.69
38.92,63.74
38.93,63.79
38.95,63.83
38.96,63.88
38.97,63.93
38.99,63.98
39.00,64.03
39.02,64.08
39.03,64.13
39.05,64.17
39.06,64.22
39.08,64.27
39.09,64.32
39.11,64.37
39.12,64.42
39.14,64.47
39.15,64.51
39.16,64.56
39.18,64.61
39.19,64.66
39.21,64.71
39.22,64.76
39.24,64.81
39.25,64.85
39.27,64.90
39.28,64.95
39.30,65.00
39.31,65.05
39.33,65.10
39.34,65.15
39.36,65.20
39.37,65.24
39.38,65.29
39.40,65.34
39.41,65.39
39.43,65.44
39.44,65.49
39.46,65.54
39.47,65.58
39.49,65.63
39.50,65.68
39.52,65.73
39.53,65.78
39.55,65.83
39.56,65.88
39.58,65.92
39.59,65.97
39.60,66.02
39.62,66.07
39.63,66.12
39.65,66.17
39.66,66.22
39.68,66.26
39.69,66.31
39.71,66.36
39.72,66.41
39.74,66.46
39.75,66.51
39.77,66.56
39.78,66.60
39.79,66.65
39.81,66.70
39.82,66.75
39.84,66.80
39.85,66.85
39.87,66.90
39.88,66.94
39.90,66.99
39.91,67.04
39.93,67.09
39.94,67.14
39.96,67.19
39.97,67.24
39.99,67.28
40.00,67.33
40.01,67.38
40.03,67.43
40.04,67.48
40.06,67.53
40.07,67.58
40.09,67.62
40.10,67.67
40.12,67.72
40.13,67.77
40.15,67.82
40.16,67.87
40.18,67.92
40.19,67.97
40.21,68.01
40.22,68.06
40.23,68.11
40.25,68.16
40.26,68.21
40.28,68.26
40.29,68.31
40.31,68.35
40.32,68.40
40.34,68.45
40.35,68.50
40.37,68.55
40.38,68.60
40.40,68.65
40.41,68.69
40.42,68.74
40.44,68.79
40.45,68.84
40.47,68.89
40.48,68.94
40.50,68.99
40.51,69.03
40.53,69.08
40.54,69.13
40.56,69.18
40.57,69.23
40.59,69.28
40.60,69.33
40.62,69.37
40.63,69.42
40.64,69.47
40.66,69.52
40.67,69.57
40.69,69.62
40.70,69.67
40.72,69.71
40.73,69.76
40.75,69.81
40.76,69.86
40.78,69.91
40.79,69.96
40.81,70.01
40.82,70.05
40.84,70.10
40.85,70.15
40.86,70.20
40.88,70.25
40.89,70.30
40.91,70.35
40.92,70.39
40.94,70.44
40.95,70.49
40.97,70.54
40.98,70.59
41.00,70.64
41.01,70.69
41.03,70.74
41.04,70.78
41.05,70.83
41.07,70.88
41.08,70.93
41.10,70.98
41.11,71.03
41.13,71.08
41.14,71.12
41.16,71.17
41.17,71.22
41.19,71.27
41.20,71.32
41.22,71.37
41.23,71.42
41.25,71.46
41.26,71.51
41.27,71.56
41.29,71.61
41.30,71.66
41.32,71.71
41.33,71.76
41.35,71.80
41.36,71.85
41.38,71.90
41.39,71.95
41.41,72.00
41.42,72.05
41.44,72.10
41.45,72.14
41.47,72.19
41.48,72.24
41.49,72.29
41.51,72.34
41.52,72.39
41.54,72.44
41.55,72.48
41.57,72.53
41.58,72.58
41.60,72.63
41.61,72.68
41.63,72.73
41.64,72.78
41.66,72.82
41.67,72.87
41.68,72.92
41.70,72.97
41.71,73.02
41.73,73.07
41.74,73.12
41.76,73.16
41.77,73.21
41.79,73.26
41.80,73.31
41.82,73.36
41.83,73.41
41.85,73.46
41.86,73.51
41.88,73.55
41.89,73.60
41.90,73.65
41.92,73.70
41.93,73.75
41.95,73.80
41.96,73.85
41.98,73.89
41.99,73.94
42.01,73.99
42.02,74.04
42.04,74.09
42.05,74.14
42.07,74.19
42.08,74.23
42.10,74.28
42.11,74.33
42.12,74.38
42.14,74.43
42.15,74.48
42.17,74.53
42.18,74.57
42.20,74.62
42.21,74.67
42.23,74.72
42.24,74.77
42.26,74.82
42.27,74.87
42.29,74.91
42.30,74.96
42.32,75.01
42.33,75.06
42.34,75.11
42.36,75.16
42.37,75.21
42.39,75.25
42.40,75.30
42.42,75.35
42.43,75.40
42.45,75.45
42.46,75.50
42.48,75.55
42.49,75.59
42.51,75.64
42.52,75.69
42.53,75.74
42.55,75.79
42.56,75.84
42.58,75.89
42.59,75.93
42.61,75.98
42.62,76.03
42.64,76.08
42.65,76.13
42.67,76.18
42.68,76.23
42.70,76.27
42.71,76.32
42.73,76.37
42.74,76.42
42.75,76.47
42.77,76.52
42.78,76.57
42.80,76.62
42.81,76.66
42.83,76.71
42.84,76.76
42.86,76.81
42.87,76.86
42.89,76.91
42.90,76.96
42.92,77.00
42.93,77.05
42.95,77.10
42.96,77.15
42.97,77.20
42.99,77.25
43.00,77.30
43.02,77.34
43.03,77.39
43.05,77.44
43.06,77.49
43.08,77.54
43.09,77.59
43.11,77.64
43.12,77.68
43.14,77.73
43.15,77.78
43.16,77.83
43.18,77.88
43.19,77.93
43.21,77.98
43.22,78.02
43.24,78.07
43.25,78.12
43.27,78.17
43.28,78.22
43.30,78.27
43.31,78.32
43.33,78.36
43.34,78.41
43.36,78.46
43.37,78.51
43.38,78.56
43.40,78.61
43.41,78.66
43.43,78.70
43.44,78.75
43.46,78.80
43.47,78.85
43.49,78.90
43.50,78.95
43.52,79.00
43.53,79.04
43.55,79.09
43.56,79.14
43.58,79.19
43.59,79.24
43.60,79.29
43.62,79.34
43.63,79.39
43.65,79.43
43.66,79.48
43.68,79.53
43.69,79.58
43.71,79.63
43.72,79.68
43.74,79.73
43.75,79.77
43.77,79.82
43.78,79.87
43.79,79.92
43.81,79.97
43.82,80.02
43.84,80.07
43.85,80.11
43.87,80.16
43.88,80.21
43.90,80.26
43.91,80.31
43.93,80.36
43.94,80.41
43.96,80.45
43.97,80.50
43.99,80.55
44.00,80.60
44.01,80.65
44.03,80.70
44.04,80.75
44.06,80.79
44.07,80.84
44.09,80.89
44.10,80.94
44.12,80.99
44.13,81.04
44.15,81.09
44.16,81.13
44.18,81.18
44.19,81.23
44.21,81.28
44.22,81.33
44.23,81.38
44.25,81.43
44.26,81.47
44.28,81.52
44.29,81.57
44.31,81.62
44.32,81.67
44.34,81.72
44.35,81.77
44.37,81.81
44.38,81.86
44.40,81.91
44.41,81.96
44.42,82.01
44.44,82.06
44.45,82.11
44.47,82.16
44.48,82.20
44.50,82.25
44.51,82.30
44.53,82.35
44.54,82.40
44.56,82.45
44.57,82.50
44.59,82.54
44.60,82.59
44.62,82.64
44.63,82.69
44.64,82.74
44.66,82.79
44.67,82.84
44.69,82.88
44.70,82.93
44.72,82.98
44.73,83.03
44.75,83.08
44.76,83.13
44.78,83.18
44.79,83.22
44.81,83.27
44.82,83.32
44.84,83.37
44.85,83.42
44.86,83.47
44.88,83.52
44.89,83.56
44.91,83.61
44.92,83.66
44.94,83.71
44.95,83.76
44.97,83.81
44.98,83.86
45.00,83.90
45.01,83.95
45.03,84.00
45.04,84.05
45.05,84.10
45.07,84.15
45.08,84.20
45.10,84.24
45.11,84.29
45.13,84.34
45.14,84.39
45.16,84.44
45.17,84.49
45.19,84.54
45.20,84.58
45.22,84.63
45.23,84.68
45.25,84.73
45.26,84.78
45.27,84.83
45.29,84.88
45.30,84.93
45.32,84.97
45.33,85.02
45.35,85.07
45.36,85.12
45.38,85.17
45.39,85.22
45.41,85.27
45.42,85.31
45.44,85.36
45.45,85.41
45.47,85.46
45.48,85.51
45.49,85.56
45.51,85.61
45.52,85.65
45.54,85.70
45.55,85.75
45.57,85.80
45.58,85.85
45.60,85.90
45.61,85.95
45.63,85.99
45.64,86.04
45.66,86.09
45.67,86.14
45.68,86.19
45.70,86.24
45.71,86.29
45.73,86.33
45.74,86.38
45.76,86.43
45.77,86.48
45.79,86.53
45.80,86.58
45.82,86.63
45.83,86.67
45.85,86.72
45.86,86.77
45.88,86.82
45.89,86.87
45.90,86.92
45.92,86.97
45.93,87.01
45.95,87.06
45.96,87.11
45.98,87.16
45.99,87.21
46.01,87.26
46.02,87.31
46.04,87.35
46.05,87.40
46.07,87.45
46.08,87.50
46.10,87.55
46.11,87.60
46.12,87.65
46.14,87.69
46.15,87.74
46.17,87.79
46.18,87.84
46.20,87.89
46.21,87.94
46.23,87.99
46.24,88.04
46.26,88.08
46.27,88.13
46.29,88.18
46.30,88.23
46.32,88.28
46.33,88.33
46.34,88.38
46.36,88.42
46.37,88.47
46.39,88.52
46.40,88.57
46.42,88.62
46.43,88.67
46.45,88.72
46.46,88.76
46.48,88.81
46.49,88.86
46.51,88.91
46.52,88.96
46.53,89.01
46.55,89.06
46.56,89.10
46.58,89.15
46.59,89.20
46.61,89.25
46.62,89.30
46.64,89.35
46.65,89.40
46.67,89.44
46.68,89.49
46.70,89.54
46.71,89.59
46.73,89.64
46.74,89.69
46.75,89.74
46.77,89.78
46.78,89.83
46.80,89.88
46.81,89.93
46.83,89.98
46.84,90.03
46.86,90.08
46.87,90.12
46.89,90.17
46.90,90.22
46.92,90.27
46.93,90.32
46.95,90.37
46.96,90.42
46.97,90.46
46.99,90.51
47.00,90.56
47.02,90.61
47.03,90.66
47.05,90.71
47.06,90.76
47.08,90.81
47.09,90.85
47.11,90.90
47.12,90.95
47.14,91.00
47.15,91.05
47.16,91.10
47.18,91.15
47.19,91.19
47.21,91.24
47.22,91.29
47.24,91.34
47.25,91.39
47.27,91.44
47.28,91.49
47.30,91.53
47.31,91.58
47.33,91.63
47.34,91.68
47.36,91.73
47.37,91.78
47.38,91.83
47.40,91.87
47.41,91.92
47.43,91.97
47.44,92.02
47.46,92.07
47.47,92.12
47.49,92.17
47.50,92.21
47.52,92.26
47.53,92.31
47.55,92.36
47.56,92.41
47.58,92.46
47.59,92.51
47.60,92.55
47.62,92.60
47.63,92.65
47.65,92.70
47.66,92.75
47.68,92.80
47.69,92.85
47.71,92.89
47.72,92.94
47.74,92.99
47.75,93.04
47.77,93.09
47.78,93.14
47.79,93.19
47.81,93.23
47.82,93.28
47.84,93.33
47.85,93.38
47.87,93.43
47.88,93.48
47.90,93.53
47.91,93.58
47.93,93.62
47.94,93.67
47.96,93.72
47.97,93.77
47.99,93.82
48.00,93.87
48.01,93.92
48.03,93.96
48.04,94.01
48.06,94.06
48.07,94.11
48.09,94.16
48.10,94.21
48.12,94.26
48.13,94.30
48.15,94.35
48.16,94.40
48.18,94.45
48.19,94.50
48.21,94.55
48.22,94.60
48.23,94.64
48.25,94.69
48.26,94.74
48.28,94.79
48.29,94.84
48.31,94.89
48.32,94.94
48.34,94.98
48.35,95.03
48.37,95.08
48.38,95.13
48.40,95.18
48.41,95.23
48.42,95.28
48.44,95.32
48.45,95.37
48.47,95.42
48.48,95.47
48.50,95.52
48.51,95.57
48.53,95.62
48.54,95.66
48.56,95.71
48.57,95.76
48.59,95.81
48.60,95.86
48.62,95.91
48.63,95.96
48.64,96.00
48.66,96.05
48.67,96.10
48.69,96.15
48.70,96.20
48.72,96.25
48.73,96.30
48.75,96.35
48.76,96.39
48.78,96.44
48.79,96.49
48.81,96.54
48.82,96.59
48.84,96.64
48.85,96.69
48.86,96.73
48.88,96.78
48.89,96.83
48.91,96.88
48.92,96.93
48.94,96.98
48.95,97.03
48.97,97.07
48.98,97.12
49.00,97.17
49.01,97.22
49.03,97.27
49.04,97.32
49.05,97.37
49.07,97.41
49.08,97.46
49.10,97.51
49.11,97.56
49.13,97.61
49.14,97.66
49.16,97.71
49.17,97.75
49.19,97.80
49.20,97.85
49.22,97.90
49.23,97.95
49.25,98.00
49.26,98.05
49.27,98.09
49.29,98.14
49.30,98.19
49.32,98.24
49.33,98.29
49.35,98.34
49.36,98.39
49.38,98.43
49.39,98.48
49.41,98.53
49.42,98.58
49.44,98.63
49.45,98.68
49.47,98.73
49.48,98.77
49.49,98.82
49.51,98.87
49.52,98.92
49.54,98.97
49.55,99.02
49.57,99.07
49.58,99.12
49.60,99.16
49.61,99.21
49.63,99.26
49.64,99.31
49.66,99.36
49.67,99.41
49.68,99.46
49.70,99.50
49.71,99.55
49.73,99.60
49.74,99.65
49.76,99.70
49.77,99.75
49.79,99.80
49.80,99.84
49.82,99.89
49.83,99.94
49.85,99.99
49.86,100.04
49.88,100.09
49.89,100.14
49.90,100.18
49.92,100.23
49.93,100.28
49.95,100.33
49.96,100.38
49.98,100.43
49.99,100.48
50.01,100.52
50.02,100.57
50.04,100.62
50.05,100.67
50.07,100.72
50.08,100.77
50.10,100.82
50.11,100.86
50.12,100.91
50.14,100.96
50.15,101.01
50.17,101.06
50.18,101.11
50.20,101.16
50.21,101.20
50.23,101.25
50.24,101.30
50.26,101.35
50.27,101.40
50.29,101.45
50.30,101.50
50.32,101.54
50.33,101.59
50.34,101.64
50.36,101.69
50.37,101.74
50.39,101.79
50.40,101.84
50.42,101.88
50.43,101.93
50.45,101.98
50.46,102.03
50.48,102.08
50.49,102.13
50.51,102.18
50.52,102.23
50.53,102.27
50.55,102.32
50.56,102.37
50.58,102.42
50.59,102.47
50.61,102.52
50.62,102.57
50.64,102.61
50.65,102.66
50.67,102.71
50.68,102.76
50.70,102.81
50.71,102.86
50.73,102.91
50.74,102.95
50.75,103.00
50.77,103.05
50.78,103.10
50.80,103.15
50.81,103.20
50.83,103.25
50.84,103.29
50.86,103.34
50.87,103.39
50.89,103.44
50.90,103.49
50.92,103.54
50.93,103.59
50.95,103.63
50.96,103.68
50.97,103.73
50.99,103.78
51.00,103.83
51.02,103.88
51.03,103.93
51.05,103.97
51.06,104.02
51.08,104.07
51.09,104.12
51.11,104.17
51.12,104.22
51.14,104.27
51.15,104.31
51.16,104.36
51.18,104.41
51.19,104.46
51.21,104.51
51.22,104.56
51.24,104.61
51.25,104.65
51.27,104.70
51.28,104.75
51.30,104.80
51.31,104.85
51.33,104.90
51.34,104.95
51.36,105.00
51.37,105.04
51.38,105.09
51.40,105.14
51.41,105.19
51.43,105.24
51.44,105.29
51.46,105.34
51.47,105.38
51.49,105.43
51.50,105.48
51.52,105.53
51.53,105.58
51.55,105.63
51.56,105.68
51.58,105.72
51.59,105.77
51.60,105.82
51.62,105.87
51.63,105.92
51.65,105.97
51.66,106.02
51.68,106.06
51.69,106.11
51.71,106.16
51.72,106.21
51.74,106.26
51.75,106.31
51.77,106.36
51.78,106.40
51.79,106.45
51.81,106.50
51.82,106.55
51.84,106.60
51.85,106.65
51.87,106.70
51.88,106.74
51.90,106.79
51.91,106.84
51.93,106.89
51.94,106.94
51.96,106.99
51.97,107.04
51.99,107.08
52.00,107.13
52.01,107.18
52.03,107.23
52.04,107.28
52.06,107.33
52.07,107.38
52.09,107.42
52.10,107.47
52.12,107.52
52.13,107.57
52.15,107.62
52.16,107.67
52.18,107.72
52.19,107.77
52.21,107.81
52.22,107.86
52.23,107.91
52.25,107.96
52.26,108.01
52.28,108.06
52.29,108.11
52.31,108.15
52.32,108.20
52.34,108.25
52.35,108.30
52.37,108.35
52.38,108.40
52.40,108.45
52.41,108.49
52.42,108.54
52.44,108.59
52.45,108.64
52.47,108.69
52.48,108.74
52.50,108.79
52.51,108.83
52.53,108.88
52.54,108.93
52.56,108.98
52.57,109.03
52.59,109.08
52.60,109.13
52.62,109.17
52.63,109.22
52.64,109.27
52.66,109.32
52.67,109.37
52.69,109.42
52.70,109.47
52.72,109.51
52.73,109.56
52.75,109.61
52.76,109.66
52.78,109.71
52.79,109.76
52.81,109.81
52.82,109.85
52.84,109.90
52.85,109.95
52.86,110.00
52.88,110.05
52.89,110.10
52.91,110.15
52.92,110.19
52.94,110.24
52.95,110.29
52.97,110.34
52.98,110.39
53.00,110.44
53.01,110.49
53.03,110.54
53.04,110.58
53.05,110.63
53.07,110.68
53.08,110.73
53.10,110.78
53.11,110.83
53.13,110.88
53.14,110.92
53.16,110.97
53.17,111.02
53.19,111.07
53.20,111.12
53.22,111.17
53.23,111.22
53.25,111.26
53.26,111.31
53.27,111.36
53.29,111.41
53.30,111.46
53.32,111.51
53.33,111.56
53.35,111.60
53.36,111.65
53.38,111.70
53.39,111.75
53.41,111.80
53.42,111.85
53.44,111.90
53.45,111.94
53.47,111.99
53.48,112.04
53.49,112.09
53.51,112.14
53.52,112.19
53.54,112.24
53.55,112.28
53.57,112.33
53.58,112.38
53.60,112.43
53.61,112.48
53.63,112.53
53.64,112.58
53.66,112.62
53.67,112.67
53.68,112.72
53.70,112.77
53.71,112.82
53.73,112.87
53.74,112.92
53.76,112.96
53.77,113.01
53.79,113.06
53.80,113.11
53.82,113.16
53.83,113.21
53.85,113.26
53.86,113.31
53.88,113.35
53.89,113.40
53.90,113.45
53.92,113.50
53.93,113.55
53.95,113.60
53.96,113.65
53.98,113.69
53.99,113.74
54.01,113.79
54.02,113.84
54.04,113.89
54.05,113.94
54.07,113.99
54.08,114.03
54.10,114.08
54.11,114.13
54.12,114.18
54.14,114.23
54.15,114.28
54.17,114.33
54.18,114.37
54.20,114.42
54.21,114.47
54.23,114.52
54.24,114.57
54.26,114.62
54.27,114.67
54.29,114.71
54.30,114.76
54.32,114.81
54.33,114.86
54.34,114.91
54.36,114.96
54.37,115.01
54.39,115.05
54.40,115.10
54.42,115.15
54.43,115.20
54.45,115.25
54.46,115.30
54.48,115.35
54.49,115.39
54.51,115.44
54.52,115.49
54.53,115.54
54.55,115.59
54.56,115.64
54.58,115.69
54.59,115.73
54.61,115.78
54.62,115.83
54.64,115.88
54.65,115.93
54.67,115.98
54.68,116.03
54.70,116.07
54.71,116.12
54.73,116.17
54.74,116.22
54.75,116.27
54.77,116.32
54.78,116.37
54.80,116.42
54.81,116.46
54.83,116.51
54.84,116.56
54.86,116.61
54.87,116.66
54.89,116.71
54.90,116.76
54.92,116.80
54.93,116.85
54.95,116.90
54.96,116.95
54.97,117.00
54.99,117.05
55.00,117.10
55.02,117.14
55.03,117.19
55.05,117.24
55.06,117.29
55.08,117.34
55.09,117.39
55.11,117.44
55.12,117.48
55.14,117.53
55.15,117.58
55.16,117.63
55.18,117.68
55.19,117.73
55.21,117.78
55.22,117.82
55.24,117.87
55.25,117.92
55.27,117.97
55.28,118.02
55.30,118.07
55.31,118.12
55.33,118.16
55.34,118.21
55.36,118.26
55.37,118.31
55.38,118.36
55.40,118.41
55.41,118.46
55.43,118.50
55.44,118.55
55.46,118.60
55.47,118.65
55.49,118.70
55.50,118.75
55.52,118.80
55.53,118.84
55.55,118.89
55.56,118.94
55.58,118.99
55.59,119.04
55.60,119.09
55.62,119.14
55.63,119.19
55.65,119.23
55.66,119.28
55.68,119.33
55.69,119.38
55.71,119.43
55.72,119.48
55.74,119.53
55.75,119.57
55.77,119.62
55.78,119.67
55.79,119.72
55.81,119.77
55.82,119.82
55.84,119.87
55.85,119.91
55.87,119.96
55.88,120.01
55.90,120.06
55.91,120.11
55.93,120.16
55.94,120.21
55.96,120.25
55.97,120.30
55.99,120.35
56.00,120.40
56.01,120.45
56.03,120.50
56.04,120.55
56.06,120.59
56.07,120.64
56.09,120.69
56.10,120.74
56.12,120.79
56.13,120.84
56.15,120.89
56.16,120.93
56.18,120.98
56.19,121.03
56.21,121.08
56.22,121.13
56.23,121.18
56.25,121.23
56.26,121.27
56.28,121.32
56.29,121.37
56.31,121.42
56.32,121.47
56.34,121.52
56.35,121.57
56.37,121.61
56.38,121.66
56.40,121.71
56.41,121.76
56.42,121.81
56.44,121.86
56.45,121.91
56.47,121.96
56.48,122.00
56.50,122.05
56.51,122.10
56.53,122.15
56.54,122.20
56.56,122.25
56.57,122.30
56.59,122.34
56.60,122.39
56.62,122.44
56.63,122.49
56.64,122.54
56.66,122.59
56.67,122.64
56.69,122.68
56.70,122.73
56.72,122.78
56.73,122.83
56.75,122.88
56.76,122.93
56.78,122.98
56.79,123.02
56.81,123.07
56.82,123.12
56.84,123.17
56.85,123.22
56.86,123.27
56.88,123.32
56.89,123.36
56.91,123.41
56.92,123.46
56.94,123.51
56.95,123.56
56.97,123.61
56.98,123.66
57.00,123.70
57.01,123.75
57.03,123.80
57.04,123.85
57.05,123.90
57.07,123.95
57.08,124.00
57.10,124.04
57.11,124.09
57.13,124.14
57.14,124.19
57.16,124.24
57.17,124.29
57.19,124.34
57.20,124.38
57.22,124.43
57.23,124.48
57.25,124.53
57.26,124.58
57.27,124.63
57.29,124.68
57.30,124.73
57.32,124.77
57.33,124.82
57.35,124.87
57.36,124.92
57.38,124.97
57.39,125.02
57.41,125.07
57.42,125.11
57.44,125.16
57.45,125.21
57.47,125.26
57.48,125.31
57.49,125.36
57.51,125.41
57.52,125.45
57.54,125.50
57.55,125.55
57.57,125.60
57.58,125.65
57.60,125.70
57.61,125.75
57.63,125.79
57.64,125.84
57.66,125.89
57.67,125.94
57.68,125.99
57.70,126.04
57.71,126.09
57.73,126.13
57.74,126.18
57.76,126.23
57.77,126.28
57.79,126.33
57.80,126.38
57.82,126.43
57.83,126.47
57.85,126.52
57.86,126.57
57.88,126.62
57.89,126.67
57.90,126.72
57.92,126.77
57.93,126.81
57.95,126.86
57.96,126.91
57.98,126.96
57.99,127.01
58.01,127.06
58.02,127.11
58.04,127.15
58.05,127.20
58.07,127.25
58.08,127.30
58.10,127.35
58.11,127.40
58.12,127.45
58.14,127.49
58.15,127.54
58.17,127.59
58.18,127.64
58.20,127.69
58.21,127.74
58.23,127.79
58.24,127.84
58.26,127.88
58.27,127.93
58.29,127.98
58.30,128.03
58.32,128.08
58.33,128.13
58.34,128.18
58.36,128.22
58.37,128.27
58.39,128.32
58.40,128.37
58.42,128.42
58.43,128.47
58.45,128.52
58.46,128.56
58.48,128.61
58.49,128.66
58.51,128.71
58.52,128.76
58.53,128.81
58.55,128.86
58.56,128.90
58.58,128.95
58.59,129.00
58.61,129.05
58.62,129.10
58.64,129.15
58.65,129.20
58.67,129.24
58.68,129.29
58.70,129.34
58.71,129.39
58.73,129.44
58.74,129.49
58.75,129.54
58.77,129.58
58.78,129.63
58.80,129.68
58.81,129.73
58.83,129.78
58.84,129.83
58.86,129.88
58.87,129.92
58.89,129.97
58.90,130.02
58.92,130.07
58.93,130.12
58.95,130.17
58.96,130.22
58.97,130.26
58.99,130.31
59.00,130.36
59.02,130.41
59.03,130.46
59.05,130.51
59.06,130.56
59.08,130.61
59.09,130.65
59.11,130.70
59.12,130.75
59.14,130.80
59.15,130.85
59.16,130.90
59.18,130.95
59.19,130.99
59.21,131.04
59.22,131.09
59.24,131.14
59.25,131.19
59.27,131.24
59.28,131.29
59.30,131.33
59.31,131.38
59.33,131.43
59.34,131.48
59.36,131.53
59.37,131.58
59.38,131.63
59.40,131.67
59.41,131.72
59.43,131.77
59.44,131.82
59.46,131.87
59.47,131.92
59.49,131.97
59.50,132.01
59.52,132.06
59.53,132.11
59.55,132.16
59.56,132.21
59.58,132.26
59.59,132.31
59.60,132.35
59.62,132.40
59.63,132.45
59.65,132.50
59.66,132.55
59.68,132.60
59.69,132.65
59.71,132.69
59.72,132.74
59.74,132.79
59.75,132.84
59.77,132.89
59.78,132.94
59.79,132.99
59.81,133.03
59.82,133.08
59.84,133.13
59.85,133.18
59.87,133.23
59.88,133.28
59.90,133.33
59.91,133.38
59.93,133.42
59.94,133.47
59.96,133.52
59.97,133.57
59.99,133.62
60.00,133.67
60.01,133.72
60.03,133.76
60.04,133.81
60.06,133.86
60.07,133.91
60.09,133.96
60.10,134.01
60.12,134.06
60.13,134.10
60.15,134.15
60.16,134.20
60.18,134.25
60.19,134.30
60.21,134.35
60.22,134.40
60.23,134.44
60.25,134.49
60.26,134.54
60.28,134.59
60.29,134.64
60.31,134.69
60.32,134.74
60.34,134.78
60.35,134.83
60.37,134.88
60.38,134.93
60.40,134.98
60.41,135.03
60.42,135.08
60.44,135.12
60.45,135.17
60.47,135.22
60.48,135.27
60.50,135.32
60.51,135.37
60.53,135.42
60.54,135.46
60.56,135.51
60.57,135.56
60.59,135.61
60.60,135.66
60.62,135.71
60.63,135.76
60.64,135.80
60.66,135.85
60.67,135.90
60.69,135.95
60.70,136.00
60.72,136.05
60.73,136.10
60.75,136.15
60.76,136.19
60.78,136.24
60.79,136.29
60.81,136.34
60.82,136.39
60.84,136.44
60.85,136.49
60.86,136.53
60.88,136.58
60.89,136.63
60.91,136.68
60.92,136.73
60.94,136.78
60.95,136.83
60.97,136.87
60.98,136.92
61.00,136.97
61.01,137.02
61.03,137.07
61.04,137.12
61.05,137.17
61.07,137.21
61.08,137.26
61.10,137.31
61.11,137.36
61.13,137.41
61.14,137.46
61.16,137.51
61.17,137.55
61.19,137.60
61.20,137.65
61.22,137.70
61.23,137.75
61.25,137.80
61.26,137.85
61.27,137.89
61.29,137.94
61.30,137.99
61.32,138.04
61.33,138.09
61.35,138.14
61.36,138.19
61.38,138.23
61.39,138.28
61.41,138.33
61.42,138.38
61.44,138.43
61.45,138.48
61.47,138.53
61.48,138.57
61.49,138.62
61.51,138.67
61.52,138.72
61.54,138.77
61.55,138.82
61.57,138.87
61.58,138.92
61.60,138.96
61.61,139.01
61.63,139.06
61.64,139.11
61.66,139.16
61.67,139.21
61.68,139.26
61.70,139.30
61.71,139.35
61.73,139.40
61.74,139.45
61.76,139.50
61.77,139.55
61.79,139.60
61.80,139.64
61.82,139.69
61.83,139.74
61.85,139.79
61.86,139.84
61.88,139.89
61.89,139.94
61.90,139.98
61.92,140.03
61.93,140.08
61.95,140.13
61.96,140.18
61.98,140.23
61.99,140.28
62.01,140.32
62.02,140.37
62.04,140.42
62.05,140.47
62.07,140.52
62.08,140.57
62.10,140.62
62.11,140.66
62.12,140.71
62.14,140.76
62.15,140.81
62.17,140.86
62.18,140.91
62.20,140.96
62.21,141.00
62.23,141.05
62.24,141.10
62.26,141.15
62.27,141.20
62.29,141.25
62.30,141.30
62.32,141.34
62.33,141.39
62.34,141.44
62.36,141.49
62.37,141.54
62.39,141.59
62.40,141.64
62.42,141.68
62.43,141.73
62.45,141.78
62.46,141.83
62.48,141.88
62.49,141.93
62.51,141.98
62.52,142.03
62.53,142.07
62.55,142.12
62.56,142.17
62.58,142.22
62.59,142.27
62.61,142.32
62.62,142.37
62.64,142.41
62.65,142.46
62.67,142.51
62.68,142.56
62.70,142.61
62.71,142.66
62.73,142.71
62.74,142.75
62.75,142.80
62.77,142.85
62.78,142.90
62.80,142.95
62.81,143.00
62.83,143.05
62.84,143.09
62.86,143.14
62.87,143.19
62.89,143.24
62.90,143.29
62.92,143.34
62.93,143.39
62.95,143.43
62.96,143.48
62.97,143.53
62.99,143.58
63.00,143.63
63.02,143.68
63.03,143.73
63.05,143.77
63.06,143.82
63.08,143.87
63.09,143.92
63.11,143.97
63.12,144.02
63.14,144.07
63.15,144.11
63.16,144.16
63.18,144.21
63.19,144.26
63.21,144.31
63.22,144.36
63.24,144.41
63.25,144.45
63.27,144.50
63.28,144.55
63.30,144.60
63.31,144.65
63.33,144.70
63.34,144.75
63.36,144.80
63.37,144.84
63.38,144.89
63.40,144.94
63.41,144.99
63.43,145.04
63.44,145.09
63.46,145.14
63.47,145.18
63.49,145.23
63.50,145.28
63.52,145.33
63.53,145.38
63.55,145.43
63.56,145.48
63.58,145.52
63.59,145.57
63.60,145.62
63.62,145.67
63.63,145.72
63.65,145.77
63.66,145.82
63.68,145.86
63.69,145.91
63.71,145.96
63.72,146.01
63.74,146.06
63.75,146.11
63.77,146.16
63.78,146.20
63.79,146.25
63.81,146.30
63.82,146.35
63.84,146.40
63.85,146.45
63.87,146.50
63.88,146.54
63.90,146.59
63.91,146.64
63.93,146.69
63.94,146.74
63.96,146.79
63.97,146.84
63.99,146.88
64.00,146.93
64.01,146.98
64.03,147.03
64.04,147.08
64.06,147.13
64.07,147.18
64.09,147.22
64.10,147.27
64.12,147.32
64.13,147.37
64.15,147.42
64.16,147.47
64.18,147.52
64.19,147.57
64.21,147.61
64.22,147.66
64.23,147.71
64.25,147.76
64.26,147.81
64.28,147.86
64.29,147.91
64.31,147.95
64.32,148.00
64.34,148.05
64.35,148.10
64.37,148.15
64.38,148.20
64.40,148.25
64.41,148.29
64.42,148.34
64.44,148.39
64.45,148.44
64.47,148.49
64.48,148.54
64.50,148.59
64.51,148.63
64.53,148.68
64.54,148.73
64.56,148.78
64.57,148.83
64.59,148.88
64.60,148.93
64.62,148.97
64.63,149.02
64.64,149.07
64.66,149.12
64.67,149.17
64.69,149.22
64.70,149.27
64.72,149.31
64.73,149.36
64.75,149.41
64.76,149.46
64.78,149.51
64.79,149.56
64.81,149.61
64.82,149.65
64.84,149.70
64.85,149.75
64.86,149.80
64.88,149.85
64.89,149.90
64.91,149.95
64.92,149.99
64.94,150.04
64.95,150.09
64.97,150.14
64.98,150.19
65.00,150.24
65.01,150.29
65.03,150.34
65.04,150.38
65.05,150.43
65.07,150.48
65.08,150.53
65.10,150.58
65.11,150.63
65.13,150.68
65.14,150.72
65.16,150.77
65.17,150.82
65.19,150.87
65.20,150.92
65.22,150.97
65.23,151.02
65.25,151.06
65.26,151.11
65.27,151.16
65.29,151.21
65.30,151.26
65.32,151.31
65.33,151.36
65.35,151.40
65.36,151.45
65.38,151.50
65.39,151.55
65.41,151.60
65.42,151.65
65.44,151.70
65.45,151.74
65.47,151.79
65.48,151.84
65.49,151.89
65.51,151.94
65.52,151.99
65.54,152.04
65.55,152.08
65.57,152.13
65.58,152.18
65.60,152.23
65.61,152.28
65.63,152.33
65.64,152.38
65.66,152.42
65.67,152.47
65.68,152.52
65.70,152.57
65.71,152.62
65.73,152.67
65.74,152.72
65.76,152.76
65.77,152.81
65.79,152.86
65.80,152.91
65.82,152.96
65.83,153.01
65.85,153.06
65.86,153.11
65.88,153.15
65.89,153.20
65.90,153.25
65.92,153.30
65.93,153.35
65.95,153.40
65.96,153.45
65.98,153.49
65.99,153.54
66.01,153.59
66.02,153.64
66.04,153.69
66.05,153.74
66.07,153.79
66.08,153.83
66.10,153.88
66.11,153.93
66.12,153.98
66.14,154.03
66.15,154.08
66.17,154.13
66.18,154.17
66.20,154.22
66.21,154.27
66.23,154.32
66.24,154.37
66.26,154.42
66.27,154.47
66.29,154.51
66.30,154.56
66.32,154.61
66.33,154.66
66.34,154.71
66.36,154.76
66.37,154.81
66.39,154.85
66.40,154.90
66.42,154.95
66.43,155.00
66.45,155.05
66.46,155.10
66.48,155.15
66.49,155.19
66.51,155.24
66.52,155.29
66.53,155.34
66.55,155.39
66.56,155.44
66.58,155.49
66.59,155.53
66.61,155.58
66.62,155.63
66.64,155.68
66.65,155.73
66.67,155.78
66.68,155.83
66.70,155.87
66.71,155.92
66.73,155.97
66.74,156.02
66.75,156.07
66.77,156.12
66.78,156.17
66.80,156.22
66.81,156.26
66.83,156.31
66.84,156.36
66.86,156.41
66.87,156.46
66.89,156.51
66.90,156.56
66.92,156.60
66.93,156.65
66.95,156.70
66.96,156.75
66.97,156.80
66.99,156.85
67.00,156.90
67.02,156.94
67.03,156.99
67.05,157.04
67.06,157.09
67.08,157.14
67.09,157.19
67.11,157.24
67.12,157.28
67.14,157.33
67.15,157.38
67.16,157.43
67.18,157.48
67.19,157.53
67.21,157.58
67.22,157.62
67.24,157.67
67.25,157.72
67.27,157.77
67.28,157.82
67.30,157.87
67.31,157.92
67.33,157.96
67.34,158.01
67.36,158.06
67.37,158.11
67.38,158.16
67.40,158.21
67.41,158.26
67.43,158.30
67.44,158.35
67.46,158.40
67.47,158.45
67.49,158.50
67.50,158.55
67.52,158.60
67.53,158.64
67.55,158.69
67.56,158.74
67.58,158.79
67.59,158.84
67.60,158.89
67.62,158.94
67.63,158.99
67.65,159.03
67.66,159.08
67.68,159.13
67.69,159.18
67.71,159.23
67.72,159.28
67.74,159.33
67.75,159.37
67.77,159.42
67.78,159.47
67.79,159.52
67.81,159.57
67.82,159.62
67.84,159.67
67.85,159.71
67.87,159.76
67.88,159.81
67.90,159.86
67.91,159.91
67.93,159.96
67.94,160.01
67.96,160.05
67.97,160.10
67.99,160.15
68.00,160.20
68.01,160.25
68.03,160.30
68.04,160.35
68.06,160.39
68.07,160.44
68.09,160.49
68.10,160.54
68.12,160.59
68.13,160.64
68.15,160.69
68.16,160.73
68.18,160.78
68.19,160.83
68.21,160.88
68.22,160.93
68.23,160.98
68.25,161.03
68.26,161.07
68.28,161.12
68.29,161.17
68.31,161.22
68.32,161.27
68.34,161.32
68.35,161.37
68.37,161.41
68.38,161.46
68.40,161.51
68.41,161.56
68.42,161.61
68.44,161.66
68.45,161.71
68.47,161.76
68.48,161.80
68.50,161.85
68.51,161.90
68.53,161.95
68.54,162.00
68.56,162.05
68.57,162.10
68.59,162.14
68.60,162.19
68.62,162.24
68.63,162.29
68.64,162.34
68.66,162.39
68.67,162.44
68.69,162.48
68.70,162.53
68.72,162.58
68.73,162.63
68.75,162.68
68.76,162.73
68.78,162.78
68.79,162.82
68.81,162.87
68.82,162.92
68.84,162.97
68.85,163.02
68.86,163.07
68.88,163.12
68.89,163.16
68.91,163.21
68.92,163.26
68.94,163.31
68.95,163.36
68.97,163.41
68.98,163.46
69.00,163.50
69.01,163.55
69.03,163.60
69.04,163.65
69.05,163.70
69.07,163.75
69.08,163.80
69.10,163.84
69.11,163.89
69.13,163.94
69.14,163.99
69.16,164.04
69.17,164.09
69.19,164.14
69.20,164.18
69.22,164.23
69.23,164.28
69.25,164.33
69.26,164.38
69.27,164.43
69.29,164.48
69.30,164.53
69.32,164.57
69.33,164.62
69.35,164.67
69.36,164.72
69.38,164.77
69.39,164.82
69.41,164.87
69.42,164.91
69.44,164.96
69.45,165.01
69.47,165.06
69.48,165.11
69.49,165.16
69.51,165.21
69.52,165.25
69.54,165.30
69.55,165.35
69.57,165.40
69.58,165.45
69.60,165.50
69.61,165.55
69.63,165.59
69.64,165.64
69.66,165.69
69.67,165.74
69.68,165.79
69.70,165.84
69.71,165.89
69.73,165.93
69.74,165.98
69.76,166.03
69.77,166.08
69.79,166.13
69.80,166.18
69.82,166.23
69.83,166.27
69.85,166.32
69.86,166.37
69.88,166.42
69.89,166.47
69.90,166.52
69.92,166.57
69.93,166.61
69.95,166.66
69.96,166.71
69.98,166.76
69.99,166.81
70.01,166.86
70.02,166.91
70.04,166.95
70.05,167.00
70.07,167.05
70.08,167.10
70.10,167.15
70.11,167.20
70.12,167.25
70.14,167.29
70.15,167.34
70.17,167.39
70.18,167.44
70.20,167.49
70.21,167.54
70.23,167.59
70.24,167.64
70.26,167.68
70.27,167.73
70.29,167.78
70.30,167.83
70.32,167.88
70.33,167.93
70.34,167.98
70.36,168.02
70.37,168.07
70.39,168.12
70.40,168.17
70.42,168.22
70.43,168.27
70.45,168.32
70.46,168.36
70.48,168.41
70.49,168.46
70.51,168.51
70.52,168.56
70.53,168.61
70.55,168.66
70.56,168.70
70.58,168.75
70.59,168.80
70.61,168.85
70.62,168.90
70.64,168.95
70.65,169.00
70.67,169.04
70.68,169.09
70.70,169.14
70.71,169.19
70.73,169.24
70.74,169.29
70.75,169.34
70.77,169.38
70.78,169.43
70.80,169.48
70.81,169.53
70.83,169.58
70.84,169.63
70.86,169.68
70.87,169.72
70.89,169.77
70.90,169.82
70.92,169.87
70.93,169.92
70.95,169.97
70.96,170.02
70.97,170.06
70.99,170.11
71.00,170.16
71.02,170.21
71.03,170.26
71.05,170.31
71.06,170.36
71.08,170.41
71.09,170.45
71.11,170.50
71.12,170.55
71.14,170.60
71.15,170.65
71.16,170.70
71.18,170.75
71.19,170.79
71.21,170.84
71.22,170.89
71.24,170.94
71.25,170.99
71.27,171.04
71.28,171.09
71.30,171.13
71.31,171.18
71.33,171.23
71.34,171.28
71.36,171.33
71.37,171.38
71.38,171.43
71.40,171.47
71.41,171.52
71.43,171.57
71.44,171.62
71.46,171.67
71.47,171.72
71.49,171.77
71.50,171.81
71.52,171.86
71.53,171.91
71.55,171.96
71.56,172.01
71.58,172.06
71.59,172.11
71.60,172.15
71.62,172.20
71.63,172.25
71.65,172.30
71.66,172.35
71.68,172.40
71.69,172.45
71.71,172.49
71.72,172.54
71.74,172.59
71.75,172.64
71.77,172.69
71.78,172.74
71.79,172.79
71.81,172.83
71.82,172.88
71.84,172.93
71.85,172.98
71.87,173.03
71.88,173.08
71.90,173.13
71.91,173.18
71.93,173.22
71.94,173.27
71.96,173.32
71.97,173.37
71.99,173.42
72.00,173.47
72.01,173.52
72.03,173.56
72.04,173.61
72.06,173.66
72.07,173.71
72.09,173.76
72.10,173.81
72.12,173.86
72.13,173.90
72.15,173.95
72.16,174.00
72.18,174.05
72.19,174.10
72.21,174.15
72.22,174.20
72.23,174.24
72.25,174.29
72.26,174.34
72.28,174.39
72.29,174.44
72.31,174.49
72.32,174.54
72.34,174.58
72.35,174.63
72.37,174.68
72.38,174.73
72.40,174.78
72.41,174.83
72.42,174.88
72.44,174.92
72.45,174.97
72.47,175.02
72.48,175.07
72.50,175.12
72.51,175.17
72.53,175.22
72.54,175.26
72.56,175.31
72.57,175.36
72.59,175.41
72.60,175.46
72.62,175.51
72.63,175.56
72.64,175.60
72.66,175.65
72.67,175.70
72.69,175.75
72.70,175.80
72.72,175.85
72.73,175.90
72.75,175.95
72.76,175.99
72.78,176.04
72.79,176.09
72.81,176.14
72.82,176.19
72.84,176.24
72.85,176.29
72.86,176.33
72.88,176.38
72.89,176.43
72.91,176.48
72.92,176.53
72.94,176.58
72.95,176.63
72.97,176.67
72.98,176.72
73.00,176.77
73.01,176.82
73.03,176.87
73.04,176.92
73.05,176.97
73.07,177.01
73.08,177.06
73.10,177.11
73.11,177.16
73.13,177.21
73.14,177.26
73.16,177.31
73.17,177.35
73.19,177.40
73.20,177.45
73.22,177.50
73.23,177.55
73.25,177.60
73.26,177.65
73.27,177.69
73.29,177.74
73.30,177.79
73.32,177.84
73.33,177.89
73.35,177.94
73.36,177.99
73.38,178.03
73.39,178.08
73.41,178.13
73.42,178.18
73.44,178.23
73.45,178.28
73.47,178.33
73.48,178.37
73.49,178.42
73.51,178.47
73.52,178.52
73.54,178.57
73.55,178.62
73.57,178.67
73.58,178.72
73.60,178.76
73.61,178.81
73.63,178.86
73.64,178.91
73.66,178.96
73.67,179.01
73.68,179.06
73.70,179.10
73.71,179.15
73.73,179.20
73.74,179.25
73.76,179.30
73.77,179.35
73.79,179.40
73.80,179.44
73.82,179.49
73.83,179.54
73.85,179.59
73.86,179.64
73.88,179.69
73.89,179.74
73.90,179.78
73.92,179.83
73.93,179.88
73.95,179.93
73.96,179.98
73.98,180.03
73.99,180.08
74.01,180.12
74.02,180.17
74.04,180.22
74.05,180.27
74.07,180.32
74.08,180.37
74.10,180.42
74.11,180.46
74.12,180.51
74.14,180.56
74.15,180.61
74.17,180.66
74.18,180.71
74.20,180.76
74.21,180.80
74.23,180.85
74.24,180.90
74.26,180.95
74.27,181.00
74.29,181.05
74.30,181.10
74.32,181.14
74.33,181.19
74.34,181.24
74.36,181.29
74.37,181.34
74.39,181.39
74.40,181.44
74.42,181.48
74.43,181.53
74.45,181.58
74.46,181.63
74.48,181.68
74.49,181.73
74.51,181.78
74.52,181.83
74.53,181.87
74.55,181.92
74.56,181.97
74.58,182.02
74.59,182.07
74.61,182.12
74.62,182.17
74.64,182.21
74.65,182.26
74.67,182.31
74.68,182.36
74.70,182.41
74.71,182.46
74.73,182.51
74.74,182.55
74.75,182.60
74.77,182.65
74.78,182.70
74.80,182.75
74.81,182.80
74.83,182.85
74.84,182.89
74.86,182.94
74.87,182.99
74.89,183.04
74.90,183.09
74.92,183.14
74.93,183.19
74.95,183.23
74.96,183.28
74.97,183.33
74.99,183.38
75.00,183.43
75.02,183.48
75.03,183.53
75.05,183.57
75.06,183.62
75.08,183.67
75.09,183.72
75.11,183.77
75.12,183.82
75.14,183.87
75.15,183.91
75.16,183.96
75.18,184.01
75.19,184.06
75.21,184.11
75.22,184.16
75.24,184.21
75.25,184.25
75.27,184.30
75.28,184.35
75.30,184.40
75.31,184.45
75.33,184.50
75.34,184.55
75.36,184.60
75.37,184.64
75.38,184.69
75.40,184.74
75.41,184.79
75.43,184.84
75.44,184.89
75.46,184.94
75.47,184.98
75.49,185.03
75.50,185.08
75.52,185.13
75.53,185.18
75.55,185.23
75.56,185.28
75.58,185.32
75.59,185.37
75.60,185.42
75.62,185.47
75.63,185.52
75.65,185.57
75.66,185.62
75.68,185.66
75.69,185.71
75.71,185.76
75.72,185.81
75.74,185.86
75.75,185.91
75.77,185.96
75.78,186.00
75.79,186.05
75.81,186.10
75.82,186.15
75.84,186.20
75.85,186.25
75.87,186.30
75.88,186.34
75.90,186.39
75.91,186.44
75.93,186.49
75.94,186.54
75.96,186.59
75.97,186.64
75.99,186.68
76.00,186.73
76.01,186.78
76.03,186.83
76.04,186.88
76.06,186.93
76.07,186.98
76.09,187.02
76.10,187.07
76.12,187.12
76.13,187.17
76.15,187.22
76.16,187.27
76.18,187.32
76.19,187.37
76.21,187.41
76.22,187.46
76.23,187.51
76.25,187.56
76.26,187.61
76.28,187.66
76.29,187.71
76.31,187.75
76.32,187.80
76.34,187.85
76.35,187.90
76.37,187.95
76.38,188.00
76.40,188.05
76.41,188.09
76.42,188.14
76.44,188.19
76.45,188.24
76.47,188.29
76.48,188.34
76.50,188.39
76.51,188.43
76.53,188.48
76.54,188.53
76.56,188.58
76.57,188.63
76.59,188.68
76.60,188.73
76.62,188.77
76.63,188.82
76.64,188.87
76.66,188.92
76.67,188.97
76.69,189.02
76.70,189.07
76.72,189.11
76.73,189.16
76.75,189.21
76.76,189.26
76.78,189.31
76.79,189.36
76.81,189.41
76.82,189.45
76.84,189.50
76.85,189.55
76.86,189.60
76.88,189.65
76.89,189.70
76.91,189.75
76.92,189.79
76.94,189.84
76.95,189.89
76.97,189.94
76.98,189.99
77.00,190.04
77.01,190.09
77.03,190.14
77.04,190.18
77.05,190.23
77.07,190.28
77.08,190.33
77.10,190.38
77.11,190.43
77.13,190.48
77.14,190.52
77.16,190.57
77.17,190.62
77.19,190.67
77.20,190.72
77.22,190.77
77.23,190.82
77.25,190.86
77.26,190.91
77.27,190.96
77.29,191.01
77.30,191.06
77.32,191.11
77.33,191.16
77.35,191.20
77.36,191.25
77.38,191.30
77.39,191.35
77.41,191.40
77.42,191.45
77.44,191.50
77.45,191.54
77.47,191.59
77.48,191.64
77.49,191.69
77.51,191.74
77.52,191.79
77.54,191.84
77.55,191.88
77.57,191.93
77.58,191.98
77.60,192.03
77.61,192.08
77.63,192.13
77.64,192.18
77.66,192.22
77.67,192.27
77.68,192.32
77.70,192.37
77.71,192.42
77.73,192.47
77.74,192.52
77.76,192.56
77.77,192.61
77.79,192.66
77.80,192.71
77.82,192.76
77.83,192.81
77.85,192.86
77.86,192.91
77.88,192.95
77.89,193.00
77.90,193.05
77.92,193.10
77.93,193.15
77.95,193.20
77.96,193.25
77.98,193.29
77.99,193.34
78.01,193.39
78.02,193.44
78.04,193.49
78.05,193.54
78.07,193.59
78.08,193.63
78.10,193.68
78.11,193.73
78.12,193.78
78.14,193.83
78.15,193.88
78.17,193.93
78.18,193.97
78.20,194.02
78.21,194.07
78.23,194.12
78.24,194.17
78.26,194.22
78.27,194.27
78.29,194.31
78.30,194.36
78.32,194.41
78.33,194.46
78.34,194.51
78.36,194.56
78.37,194.61
78.39,194.65
78.40,194.70
78.42,194.75
78.43,194.80
78.45,194.85
78.46,194.90
78.48,194.95
78.49,194.99
78.51,195.04
78.52,195.09
78.53,195.14
78.55,195.19
78.56,195.24
78.58,195.29
78.59,195.33
78.61,195.38
78.62,195.43
78.64,195.48
78.65,195.53
78.67,195.58
78.68,195.63
78.70,195.67
78.71,195.72
78.73,195.77
78.74,195.82
78.75,195.87
78.77,195.92
78.78,195.97
78.80,196.02
78.81,196.06
78.83,196.11
78.84,196.16
78.86,196.21
78.87,196.26
78.89,196.31
78.90,196.36
78.92,196.40
78.93,196.45
78.95,196.50
78.96,196.55
78.97,196.60
78.99,196.65
79.00,196.70
79.02,196.74
79.03,196.79
79.05,196.84
79.06,196.89
79.08,196.94
79.09,196.99
79.11,197.04
79.12,197.08
79.14,197.13
79.15,197.18
79.16,197.23
79.18,197.28
79.19,197.33
79.21,197.38
79.22,197.42
79.24,197.47
79.25,197.52
79.27,197.57
79.28,197.62
79.30,197.67
79.31,197.72
79.33,197.76
79.34,197.81
79.36,197.86
79.37,197.91
79.38,197.96
79.40,198.01
79.41,198.06
79.43,198.10
79.44,198.15
79.46,198.20
79.47,198.25
79.49,198.30
79.50,198.35
79.52,198.40
79.53,198.44
79.55,198.49
79.56,198.54
79.58,198.59
79.59,198.64
79.60,198.69
79.62,198.74
79.63,198.79
79.65,198.83
79.66,198.88
79.68,198.93
79.69,198.98
79.71,199.03
79.72,199.08
79.74,199.13
79.75,199.17
79.77,199.22
79.78,199.27
79.79,199.32
79.81,199.37
79.82,199.42
79.84,199.47
79.85,199.51
79.87,199.56
79.88,199.61
79.90,199.66
79.91,199.71
79.93,199.76
79.94,199.81
79.96,199.85
79.97,199.90
79.99,199.95
80.00,200.00
