50.42,31.14
38.05,13.56
48.01,59.62
37.65,8.32
66.44,56.15
31.73,34.77
35.15,12.83
41.09,9.40
48.43,32.67
62.16,9.94
40.17,47.30
65.66,2.07
57.57,23.02
27.17,43.00
34.06,36.01
54.05,50.67
48.70,56.11
46.22,43.22
51.92,9.79
28.57,44.36
54.67,31.44
75.37,25.12
26.20,10.04
68.96,25.30
25.99,48.60
60.30,14.53
55.32,33.93
62.70,38.99
59.70,21.03
68.10,56.49
60.07,41.66
45.29,43.91
24.23,8.10
68.33,34.55
29.62,23.87
38.00,30.27
77.59,37.47
65.29,45.84
55.26,29.25
70.62,49.23
64.35,11.51
63.06,9.76
66.38,8.59
61.33,6.95
60.89,55.60
75.47,51.93
22.42,49.85
51.72,30.00
29.71,22.72
28.99,53.71
36.25,50.96
57.08,22.15
64.64,32.95
27.31,6.14
22.45,32.17
71.31,37.17
53.12,18.45
54.12,42.80
75.90,51.23
72.31,6.26
28.36,45.36
59.78,50.46
51.24,19.62
48.22,59.16
40.16,11.71
27.95,46.42
37.59,22.14
67.04,28.34
64.10,56.68
79.80,11.12
45.13,5.22
30.18,49.60
47.65,38.71
43.19,50.24
58.75,33.97
44.92,54.07
28.47,38.70
77.43,14.42
55.53,50.25
59.27,58.33
31.92,4.12
52.84,47.44
58.35,22.47
65.92,35.69
57.83,10.27
72.43,56.98
25.93,36.15
39.91,15.55
52.05,10.50
77.02,5.98
42.63,43.54
28.00,32.87
67.63,24.26
59.13,43.61
23.84,55.62
62.14,10.30
48.60,37.27
29.45,15.44
54.99,56.94
71.52,11.69
24.81,35.56
38.33,1.72
53.66,59.94
49.70,8.00
34.09,38.08
51.07,27.58
32.04,34.52
25.45,50.73
43.56,39.62
22.59,35.40
34.08,13.65
53.80,40.52
57.25,1.26
50.82,51.09
75.82,42.72
64.78,50.31
54.63,49.01
38.30,52.18
75.70,19.99
37.24,27.99
31.60,51.45
48.12,34.23
47.16,28.41
75.70,53.27
26.67,9.09
39.68,33.00
58.93,35.80
41.12,11.05
78.41,51.26
60.82,7.73
36.20,22.15
60.16,40.53
37.88,24.28
75.19,46.81
46.32,12.91
22.70,45.54
76.25,4.69
22.30,13.70
58.29,28.58
51.58,58.00
54.13,8.27
49.72,10.09
43.57,5.76
23.92,56.46
24.34,47.38
22.50,41.74
72.12,57.58
76.18,25.69
20.43,3.25
44.27,53.60
32.64,12.11
28.90,54.35
61.37,18.51
41.02,5.89
77.96,8.46
46.57,55.80
23.81,21.48
67.14,13.29
70.97,50.64
25.24,27.78
30.97,5.78
32.10,46.54
67.56,55.54
69.35,7.82
26.99,7.93
29.90,33.23
74.61,1.30
52.22,30.14
57.45,19.53
52.25,12.22
69.70,40.54
45.63,38.67
68.08,47.67
20.48,33.68
43.49,48.75
31.97,25.84
30.18,24.94
79.32,56.52
72.02,14.63
46.22,25.38
51.95,52.94
33.49,24.03
43.76,34.26
50.60,18.44
51.27,50.16
32.94,53.92
39.38,38.95
52.15,47.76
35.47,54.34
77.24,50.14
36.29,21.34
59.20,11.69
54.56,57.69
78.29,2.62
55.33,11.09
29.45,50.89
62.17,23.68
61.66,23.74
77.24,2.22
75.79,32.46
37.56,12.04
78.65,51.21
76.18,28.57
50.02,1.64
57.14,57.44
68.45,14.52
28.80,57.79
55.99,44.56
35.41,13.99
56.98,2.94
77.59,35.07
33.09,56.70
39.22,54.28
50.94,11.43
76.93,40.75
68.45,21.80
42.53,57.02
41.54,6.24
33.38,16.22
48.35,44.97
48.94,20.26
42.37,26.91
72.57,13.04
28.22,59.42
69.16,47.80
64.87,41.31
50.91,27.99
42.19,17.69
73.67,24.92
63.01,5.59
56.91,40.52
69.19,34.76
53.58,3.05
61.36,21.78
62.41,56.82
57.92,56.78
70.90,7.81
66.01,38.46
32.26,34.67
57.53,41.60
58.30,15.79
77.32,15.82
45.49,15.73
72.95,46.04
68.07,55.04
20.03,10.68
35.70,6.25
44.30,33.46
27.57,6.58
20.67,59.46
36.55,13.83
33.35,20.73
48.93,23.66
62.29,58.56
21.51,29.66
49.01,23.14
63.06,41.24
38.99,21.80
77.39,1.99
67.84,42.75
58.84,11.56
38.26,5.97
45.68,47.04
22.44,9.17
51.06,21.84
46.99,57.43
58.62,50.38
47.94,34.31
31.02,45.80
70.31,5.10
26.58,28.85
42.10,4.66
35.45,17.42
49.14,24.79
28.63,22.99
21.49,45.93
76.93,13.67
67.65,59.74
54.73,26.99
74.09,34.79
63.04,1.02
79.58,32.49
31.18,51.51
73.50,6.21
34.76,41.50
47.88,40.29
58.66,41.06
24.14,22.19
29.60,16.07
75.44,24.47
50.47,11.50
50.84,55.63
74.30,21.98
47.70,54.57
36.74,43.68
27.70,41.37
72.26,32.39
20.09,23.84
52.16,23.90
78.22,25.63
43.31,25.03
72.99,32.43
21.55,31.61
20.86,16.04
50.34,27.89
66.12,58.47
48.96,17.13
77.50,8.80
57.53,37.30
79.59,37.58
21.95,45.20
79.63,3.48
60.83,39.62
47.72,17.31
60.92,49.21
52.89,57.05
24.68,13.40
68.82,38.31
42.00,27.57
65.85,2.32
37.01,28.63
69.77,55.84
35.95,52.09
79.84,23.13
78.71,26.70
48.37,44.74
61.34,52.97
72.49,17.89
40.04,22.49
31.58,18.36
53.61,56.44
68.91,22.39
50.91,19.98
71.90,51.13
38.82,41.56
79.26,36.12
64.42,34.55
61.94,56.22
54.79,1.67
66.89,2.50
74.59,14.30
68.62,57.50
46.30,38.48
21.73,24.66
27.83,33.69
62.00,35.12
40.73,48.06
59.36,40.58
31.51,8.37
46.61,55.92
71.12,28.32
44.72,58.95
50.86,33.63
58.92,46.84
26.20,50.97
61.84,20.29
30.34,45.35
53.24,50.88
46.96,30.52
77.14,7.32
78.26,48.19
58.05,23.45
76.76,51.71
61.98,35.26
47.75,58.69
60.91,12.63
77.13,59.71
69.60,59.28
37.62,36.46
39.95,57.87
24.46,4.36
69.25,8.28
33.44,34.65
31.91,30.95
43.66,37.87
56.52,9.98
47.33,9.10
21.90,51.15
20.52,37.12
59.35,10.92
37.67,8.53
73.14,30.79
43.59,9.75
76.04,47.16
35.43,40.49
47.70,54.50
59.36,20.67
37.13,35.41
30.18,58.14
70.94,45.04
54.86,1.90
28.61,23.54
28.33,51.81
29.12,16.55
56.19,54.27
53.60,33.97
38.76,43.00
38.03,46.99
48.85,16.26
33.80,42.31
76.33,46.77
76.71,33.21
64.66,37.84
26.71,28.58
65.69,30.53
42.53,13.08
60.54,55.86
20.16,36.73
53.91,51.78
60.13,35.11
34.30,42.41
21.82,6.31
22.38,19.89
37.58,22.81
50.39,50.89
33.67,43.33
29.81,42.87
74.77,17.08
65.56,14.74
52.56,13.67
24.80,43.93
43.06,17.29
23.95,24.58
55.66,20.88
74.22,24.05
38.83,30.33
70.92,9.20
29.00,23.63
67.41,21.11
40.28,33.89
47.84,6.98
48.92,37.14
39.46,16.87
45.76,8.59
46.51,57.13
36.20,32.65
32.42,18.73
76.99,4.73
54.54,15.74
52.66,20.23
51.26,10.40
49.28,2.18
22.88,27.06
34.75,10.86
76.09,11.26
78.47,56.88
79.85,5.79
54.05,10.91
48.23,10.05
23.27,45.26
27.67,10.09
53.08,42.61
44.46,32.28
34.11,1.90
21.71,8.14
32.09,1.69
21.97,4.91
55.92,44.96
38.20,19.32
77.79,34.53
27.75,41.26
43.87,23.83
69.41,52.12
27.28,50.27
39.73,47.17
74.33,19.02
26.68,2.13
44.25,26.90
53.48,52.91
39.44,14.09
75.64,3.30
65.96,36.65
42.67,17.15
73.14,16.88
59.87,40.77
34.14,2.54
56.57,15.75
72.86,5.91
37.19,40.50
40.65,21.14
77.71,5.81
56.11,54.61
20.48,48.96
26.98,19.77
34.38,16.40
77.22,38.19
69.22,10.78
65.00,6.73
20.06,37.98
75.83,36.33
55.11,50.48
30.87,17.36
24.94,36.42
73.21,51.41
37.77,46.95
43.35,13.33
76.51,44.04
36.65,41.28
63.51,52.39
21.69,37.05
36.03,8.60
65.83,24.55
54.73,10.80
26.60,41.32
29.47,5.82
58.82,25.28
56.24,10.95
24.24,24.05
23.81,45.44
79.32,27.04
65.34,4.74
28.01,53.70
35.24,22.92
43.00,3.79
50.31,45.03
33.66,3.60
20.26,54.88
62.79,35.53
33.78,51.79
21.31,21.39
48.32,32.09
66.86,26.96
28.56,51.94
33.37,33.16
54.22,18.54
27.21,51.35
44.95,20.28
73.17,56.56
66.81,5.01
38.75,3.20
70.86,57.93
22.76,51.28
20.07,24.17
77.58,49.69
68.54,7.21
55.81,45.47
77.89,53.52
73.24,10.51
51.45,41.12
31.71,55.23
63.50,54.91
62.20,24.96
49.51,34.56
53.72,16.48
58.09,24.52
47.63,55.68
60.19,57.56
59.78,57.34
49.06,54.62
51.85,35.16
36.25,44.11
43.89,33.26
73.99,7.46
62.97,33.50
78.48,57.75
52.44,40.56
62.16,50.41
54.49,59.67
29.13,11.41
78.39,52.28
60.92,53.26
57.50,16.37
63.40,8.77
30.51,45.31
22.98,14.82
22.06,7.21
40.94,27.44
47.65,56.39
74.36,29.67
20.76,41.18
22.42,34.41
65.70,3.84
55.96,24.73
66.38,10.87
24.38,57.17
60.47,2.11
42.13,3.85
57.93,24.55
67.72,30.16
52.50,42.22
53.54,56.62
20.98,10.47
41.55,28.98
65.13,38.39
54.37,49.05
67.42,36.80
40.66,45.06
23.37,59.18
72.86,12.06
21.97,1.60
35.88,44.20
71.62,14.38
62.21,22.18
21.33,26.06
29.77,13.84
63.80,16.23
64.23,49.06
76.56,5.81
29.21,8.30
60.15,43.76
41.48,22.33
47.00,19.80
58.91,55.07
68.84,57.82
25.59,34.36
28.77,22.53
55.71,21.52
68.94,35.75
48.43,42.98
35.14,4.77
46.41,39.20
42.02,27.68
53.35,4.48
41.18,8.44
79.60,31.46
32.67,4.62
30.54,47.48
60.36,25.43
62.49,53.28
34.36,4.11
35.26,19.12
56.61,8.94
76.98,33.06
47.62,27.81
33.08,42.76
37.74,47.10
51.01,12.34
64.50,58.61
67.21,38.01
44.54,37.05
22.63,57.37
62.73,45.48
69.85,27.61
55.54,6.51
29.92,45.40
78.03,44.89
45.89,32.80
71.18,46.46
64.72,5.89
31.59,35.78
61.03,12.42
73.90,41.09
23.40,50.91
34.08,59.60
66.50,55.40
72.07,17.40
60.05,26.65
51.12,11.79
64.06,51.15
27.43,4.52
74.14,27.86
31.71,42.21
44.29,46.42
72.83,44.25
57.83,20.69
43.97,1.70
68.97,39.11
25.93,32.46
27.56,50.51
64.34,26.79
59.21,57.29
33.20,3.56
74.96,22.00
68.66,58.08
48.42,41.69
28.12,12.25
39.75,19.85
50.52,3.97
72.37,17.61
73.95,24.65
40.12,36.72
33.09,42.11
70.09,26.31
41.85,4.73
72.43,3.91
45.90,47.25
34.76,46.81
21.70,12.51
23.22,38.27
30.00,22.94
69.39,1.25
51.27,16.41
37.56,53.16
40.22,34.66
26.45,4.81
57.72,50.65
33.14,15.48
79.15,3.21
46.90,58.50
46.95,54.57
66.32,32.91
49.70,40.71
54.11,45.44
39.10,52.67
50.95,31.27
70.48,31.29
28.06,18.66
61.81,14.12
74.84,49.70
21.38,35.40
54.02,13.73
33.24,46.55
34.21,4.22
34.44,59.08
65.96,14.16
24.69,31.21
52.65,36.28
56.81,59.13
31.99,59.68
51.61,19.22
41.21,23.25
35.83,59.90
38.93,49.03
58.75,9.39
39.63,42.47
72.62,23.80
71.21,57.88
56.80,37.21
73.29,27.48
51.29,56.28
44.31,7.82
49.52,16.82
56.22,14.60
22.68,46.01
76.48,52.83
47.64,14.37
52.87,31.67
21.13,57.26
56.07,47.06
55.22,30.74
35.47,18.36
64.80,34.30
55.79,36.20
27.74,36.96
26.27,36.37
34.48,31.81
79.44,38.21
30.45,44.30
45.09,54.48
67.25,9.54
79.65,47.09
31.09,59.32
62.36,46.75
54.24,56.49
65.61,1.18
79.56,25.22
52.96,40.47
70.36,1.51
56.59,9.66
66.23,30.85
77.00,54.70
69.44,51.68
78.07,34.65
61.81,16.88
64.42,30.76
64.90,17.31
64.21,57.33
69.85,44.25
39.57,34.50
25.41,53.15
35.21,49.38
39.77,17.47
75.82,3.79
46.25,58.76
52.86,10.78
70.00,10.84
51.02,5.15
79.68,35.04
41.47,53.73
22.67,46.66
48.83,15.94
49.53,58.12
31.49,43.53
42.14,49.12
51.19,9.85
21.09,33.45
67.13,4.66
27.01,13.41
64.11,48.60
57.84,26.25
55.38,9.50
46.64,41.88
37.32,51.37
74.61,7.42
57.40,50.55
25.93,36.98
60.32,33.61
37.76,48.81
38.38,15.48
20.74,21.45
48.35,21.52
77.15,27.33
50.96,56.00
56.87,6.29
33.78,52.21
51.72,33.55
68.73,52.20
46.33,4.76
33.25,32.48
24.14,12.86
51.69,36.48
30.30,21.04
59.11,54.01
47.94,17.92
21.27,45.64
53.94,7.74
54.48,4.54
31.25,24.81
58.28,9.80
32.11,36.93
56.42,57.42
66.54,37.38
61.22,43.33
69.83,33.05
48.65,21.94
67.59,42.36
20.16,8.95
20.67,47.33
44.11,59.77
36.27,41.24
65.71,40.59
49.72,39.15
54.49,56.52
22.12,8.04
54.78,30.14
76.62,30.82
24.33,27.51
40.94,6.12
34.70,4.21
20.36,42.67
73.17,21.37
72.86,17.46
53.09,16.10
45.46,53.01
29.99,41.16
36.39,14.57
42.21,15.21
79.75,21.51
58.27,5.32
62.73,45.97
69.63,46.16
36.80,46.42
75.60,57.35
57.23,59.56
36.49,10.91
36.47,18.42
71.64,18.14
75.91,1.33
65.96,53.30
79.66,29.69
74.86,48.57
35.96,45.79
39.16,48.33
29.86,24.23
43.05,27.83
41.33,26.63
33.74,5.87
31.97,1.64
39.00,51.33
40.96,32.73
48.87,57.01
58.95,3.39
40.50,14.24
57.63,53.29
40.97,29.60
64.19,45.00
65.25,3.01
47.94,14.07
47.61,45.22
48.90,13.40
51.02,40.08
66.34,51.15
78.01,30.69
34.08,53.85
35.31,34.75
63.69,25.27
74.55,14.07
43.23,41.56
47.11,8.70
27.07,40.97
56.00,27.30
20.16,29.95
74.30,11.89
28.74,40.16
69.49,47.20
51.30,38.40
41.91,28.11
62.60,27.93
32.57,58.77
25.84,12.18
27.77,9.86
77.05,2.28
53.63,53.83
58.42,31.97
75.48,15.57
55.34,50.40
50.79,51.11
27.29,17.09
33.93,7.90
35.76,30.68
22.24,4.41
77.87,56.45
39.64,25.04
70.53,28.19
37.82,42.82
35.11,56.02
40.33,10.50
23.67,50.58
40.10,13.13
53.97,4.24
34.72,10.00
29.89,28.17
77.86,38.28
56.36,17.19
20.96,51.67
47.97,39.76
39.64,28.28
58.75,36.28
31.44,28.03
74.35,24.91
57.01,40.83
53.20,18.27
21.84,29.56
26.97,37.68
66.15,4.12
55.16,47.69
35.76,56.35
21.15,30.12
65.86,22.23
45.81,56.45
25.29,52.06
78.33,57.05
50.05,47.17
47.71,18.79
54.74,50.95
64.62,53.02
79.89,15.10
25.20,15.85
47.16,14.30
40.49,29.44
68.14,35.16
61.56,49.43
35.30,19.52
64.02,41.08
24.46,26.40
31.64,48.60
36.32,32.12
44.50,17.97
38.17,51.03
73.05,1.19
50.75,5.40
50.19,28.69
29.26,23.86
52.87,42.23
65.69,5.23
38.78,30.93
78.42,19.15
54.43,42.06
76.60,34.28
40.50,37.10
50.68,51.65
52.80,30.59
51.40,24.51
59.61,27.10
40.15,55.93
66.35,1.65
40.02,54.31
77.14,3.03
46.11,6.20
38.99,6.04
21.83,30.41
27.67,21.27
65.10,52.93
24.85,34.93
37.46,5.86
75.47,46.87
24.36,49.59
68.77,26.60
75.28,1.74
48.13,16.63
75.75,49.20
72.81,9.76
53.81,7.16
28.22,57.92
76.17,22.38
32.04,26.94
70.51,34.67
30.00,16.16
65.48,47.02
45.57,29.85
54.33,15.87
75.89,52.29
61.79,19.28
59.32,1.12
57.02,24.38
36.27,5.27
36.20,15.67
56.84,42.70
41.63,27.06
48.27,51.04
25.19,23.66
67.66,38.11
77.68,55.53
32.27,54.69
52.94,14.31
42.47,58.59
42.81,4.70
27.12,41.49
61.31,8.60
24.14,58.43
34.57,18.91
29.39,18.03
72.22,50.86
42.80,23.20
58.87,51.28
61.18,29.86
61.16,27.30
39.89,52.51
72.34,34.44
27.33,7.66
25.09,44.71
35.95,49.24
69.91,5.85
30.78,28.64
25.51,31.73
22.22,51.76
70.73,57.21
37.97,18.41
51.94,52.00
63.40,51.22
27.04,29.64
58.66,38.46
54.61,32.34
50.02,45.05
51.35,21.66
23.09,50.70
62.06,30.10
24.90,45.55
41.39,14.03
34.16,46.75
30.18,36.69
54.87,12.53
20.01,58.16
60.70,8.98
35.85,50.98
23.38,17.66
59.46,56.81
32.23,18.79
79.66,20.85
32.74,43.07
65.87,20.14
58.43,52.93
45.30,47.95
20.03,44.64
36.40,40.87
38.58,11.48
55.06,56.34
33.52,4.31
79.95,41.72
49.13,33.12
78.86,24.98
30.25,41.15
49.71,53.89
28.04,56.80
62.03,23.58
23.89,51.54
40.17,40.23
63.47,3.18
71.65,39.04
48.63,34.26
55.93,12.56
69.77,24.78
65.56,28.16
22.06,14.84
62.50,29.06
66.31,44.79
54.35,45.47
25.73,21.34
60.86,5.57
62.51,9.00
63.34,54.02
76.27,8.42
54.85,48.80
42.86,56.34
34.01,15.25
52.98,57.42
54.70,1.74
34.63,29.22
64.72,30.08
57.56,39.91
24.54,22.22
68.38,29.51
49.97,8.98
20.16,28.01
39.78,14.68
77.69,26.52
47.87,59.95
26.93,34.18
51.63,5.50
60.33,55.47
56.55,21.40
42.05,5.32
37.12,15.47
52.65,54.47
33.62,49.41
62.42,26.18
76.39,23.48
60.13,1.72
60.43,34.44
68.24,9.47
39.07,12.20
57.53,10.25
72.28,20.73
75.00,16.03
78.56,33.47
46.93,58.65
59.26,23.41
55.52,35.34
59.54,26.17
29.65,22.86
39.68,4.90
21.66,34.06
52.07,9.13
66.79,49.41
50.02,32.19
53.55,26.82
28.33,16.80
53.08,55.82
33.23,44.17
75.51,9.96
61.72,50.93
50.27,38.79
46.19,23.24
42.80,47.19
63.14,18.95
56.11,11.38
73.42,14.62
54.68,17.75
23.21,55.82
43.65,46.54
58.30,28.30
45.71,16.17
31.62,36.09
40.44,11.24
31.11,59.39
27.36,9.41
32.46,12.01
39.69,33.79
56.03,4.16
77.02,9.05
72.82,33.12
41.88,45.42
69.50,3.39
29.04,38.82
43.26,55.38
20.08,1.50
66.99,33.68
45.98,6.87
37.37,16.71
69.30,44.18
21.08,18.11
42.13,56.14
61.61,39.12
79.17,33.88
25.45,57.58
31.81,40.99
44.31,49.33
35.92,31.37
39.88,1.44
22.22,56.83
72.06,16.42
34.32,19.25
44.55,7.73
66.69,54.06
40.26,37.00
70.47,55.45
48.33,36.70
66.13,10.89
61.69,41.71
28.51,1.06
45.26,43.67
24.51,5.35
35.20,59.06
51.19,46.43
28.41,53.29
60.54,48.88
22.17,50.52
70.64,9.01
40.40,41.74
68.71,30.80
25.52,3.35
37.87,2.19
29.15,41.95
45.66,52.53
58.58,2.62
62.24,9.21
56.80,35.00
79.44,58.25
47.55,40.16
53.84,7.62
45.45,10.89
49.18,5.36
35.63,14.73
38.42,58.77
38.91,22.63
36.96,41.62
48.12,9.57
38.66,52.12
22.05,34.95
66.13,16.84
75.82,17.09
55.11,36.82
51.33,4.77
48.66,40.75
29.12,59.67
36.12,32.04
70.57,31.97
70.74,52.37
22.15,33.02
67.26,24.04
75.31,39.11
28.53,49.98
59.90,51.65
41.63,33.31
72.50,6.91
40.84,35.27
73.52,9.45
41.65,28.20
57.26,41.33
24.71,13.10
33.04,57.40
38.04,44.93
20.61,51.39
52.75,8.51
35.05,43.06
55.54,22.68
25.19,39.12
22.16,27.85
70.88,39.20
70.66,29.28
28.89,56.56
38.48,24.31
60.28,24.36
30.90,57.09
69.56,3.62
50.44,41.04
71.21,13.18
40.14,2.31
67.59,6.73
72.24,28.32
36.07,52.14
34.90,18.74
78.86,2.75
58.00,30.77
45.32,41.29
58.48,4.15
58.48,9.93
45.65,37.23
27.85,1.53
47.06,16.59
36.84,7.48
71.54,10.44
37.96,19.90
30.03,42.07
76.90,53.06
42.95,5.66
20.84,2.92
74.14,31.11
41.23,47.67
39.97,17.56
21.84,26.02
40.37,47.75
68.39,42.93
68.72,27.58
28.22,34.13
60.03,15.94
71.48,4.69
46.94,6.90
76.51,31.56
29.82,52.12
68.57,4.40
69.81,31.79
20.61,31.18
70.44,26.03
33.69,20.40
29.10,13.84
20.74,49.20
77.71,56.81
46.92,34.17
74.92,40.09
79.93,27.43
65.82,41.01
54.20,55.23
58.08,11.03
65.66,14.59
47.07,5.67
48.63,42.63
53.50,42.03
27.08,1.02
32.08,46.97
51.61,42.08
34.68,18.20
36.85,6.24
45.68,24.33
51.09,30.84
25.28,19.38
34.35,50.74
30.95,54.31
45.50,45.48
61.37,18.34
32.24,20.38
52.70,17.52
53.62,7.37
27.79,54.56
25.96,10.49
78.90,21.94
68.17,54.87
32.34,37.33
51.20,51.81
78.91,33.43
51.77,42.81
63.19,46.66
71.68,27.58
39.53,19.60
34.94,3.09
25.48,39.05
66.63,8.62
40.81,58.91
25.32,39.58
60.82,33.97
30.52,12.03
37.35,32.78
39.67,3.66
35.96,43.47
78.42,1.22
44.16,11.76
79.10,8.97
34.90,34.48
53.05,31.41
31.86,11.80
27.06,20.46
33.73,54.05
74.78,34.37
47.08,13.82
32.36,6.73
62.42,44.70
68.29,30.08
71.10,38.72
42.78,52.78
56.85,43.26
71.45,8.71
71.87,22.58
79.66,4.67
57.16,16.22
34.71,21.89
74.65,41.94
51.94,12.98
36.12,27.43
55.77,43.45
42.06,29.21
26.81,27.38
60.57,21.14
38.97,52.89
69.80,2.42
20.02,22.42
53.55,41.68
21.39,45.84
21.23,56.57
26.68,26.74
60.63,31.46
25.09,54.89
48.25,50.05
43.85,27.66
50.79,30.24
67.34,10.65
52.48,46.80
34.43,31.62
65.42,10.03
74.38,54.77
43.22,31.04
26.98,36.60
37.98,40.29
71.84,35.83
37.60,41.51
63.89,18.45
41.75,32.38
79.41,22.49
62.89,51.79
76.41,1.58
48.35,3.03
56.70,57.68
45.09,39.21
50.18,44.96
22.35,50.27
38.03,51.36
73.09,49.24
26.43,1.72
36.61,14.40
59.03,33.22
29.27,56.06
21.51,40.49
57.69,42.26
48.24,59.45
24.61,7.25
50.78,2.15
37.40,36.69
40.88,30.15
30.36,32.32
60.58,2.88
26.33,19.42
51.33,5.74
50.67,2.56
54.83,43.84
32.04,35.93
69.17,25.32
53.86,54.04
37.99,48.96
53.99,58.22
36.56,32.11
39.87,57.20
68.11,30.62
38.82,36.44
66.26,39.34
79.59,25.70
20.93,42.24
61.73,30.98
59.53,28.57
33.91,12.01
65.81,45.53
73.60,57.19
23.68,9.04
56.05,5.27
55.07,16.43
39.78,31.84
53.17,55.69
49.51,35.37
75.79,54.46
68.21,59.09
58.34,9.07
37.07,13.51
28.31,18.27
30.83,33.95
52.63,10.61
66.34,48.45
55.24,2.86
73.61,39.02
24.38,56.42
68.21,34.30
43.92,44.45
78.15,44.71
23.04,36.96
67.24,14.41
30.42,18.17
23.73,17.27
58.99,42.26
39.03,3.45
78.25,39.75
65.35,6.59
49.87,57.92
74.44,14.31
66.18,40.34
76.68,6.15
20.73,35.61
44.15,1.42
57.06,55.38
71.76,59.62
22.33,43.61
33.53,37.21
28.26,4.48
60.80,13.12
21.14,44.03
64.83,3.70
35.80,20.83
42.18,47.89
38.15,59.38
24.77,18.74
20.14,47.66
44.01,15.75
41.48,32.84
31.82,1.90
37.73,51.82
44.57,12.36
22.62,13.92
38.88,40.58
24.35,32.73
46.61,49.57
68.10,58.27
69.63,24.88
34.27,31.79
24.35,33.86
25.76,59.80
23.54,16.74
55.71,48.79
76.17,14.58
46.69,53.79
32.17,35.80
21.62,5.05
35.23,49.88
63.79,32.13
35.04,42.12
34.01,38.51
20.82,56.13
34.77,7.55
52.87,6.03
23.20,32.48
64.67,21.37
55.77,19.40
41.78,33.70
72.82,19.49
63.33,11.90
58.56,17.16
33.51,57.48
71.32,6.77
44.46,26.11
40.33,47.13
44.83,40.62
42.35,22.02
39.18,12.96
78.62,21.05
42.14,53.95
58.71,12.58
63.73,4.05
62.32,11.46
68.20,54.21
53.35,13.80
52.91,37.06
20.32,5.40
58.41,43.77
43.96,11.03
30.61,37.45
44.73,13.93
42.74,59.31
74.40,30.77
66.87,40.04
49.05,40.18
50.05,1.12
61.89,50.70
67.06,26.61
26.53,3.97
77.26,14.12
51.46,52.54
55.57,10.27
42.37,14.12
76.32,45.36
40.63,39.18
75.15,28.79
70.66,59.68
74.26,10.61
72.83,55.05
68.55,48.20
41.93,58.78
27.52,59.85
66.05,25.39
48.05,43.29
62.07,34.11
35.76,42.38
72.81,36.50
27.34,14.98
73.76,15.45
45.94,20.55
35.78,6.83
53.93,4.87
45.61,41.88
59.31,54.23
60.84,27.84
55.51,39.39
40.69,6.42
29.95,55.61
77.89,28.09
63.00,43.62
45.07,15.11
37.34,25.58
46.97,25.03
55.82,39.27
67.34,43.58
29.78,13.81
33.11,32.41
25.24,19.63
36.29,10.22
63.58,27.56
30.53,15.76
24.20,35.13
60.96,10.47
77.85,11.93
22.35,22.70
27.58,42.54
21.56,44.30
50.65,12.03
46.15,7.88
59.18,47.67
68.33,18.94
49.11,36.94
61.83,26.52
77.37,1.17
33.59,39.70
67.79,45.82
55.05,55.08
37.79,15.22
29.95,3.68
21.42,12.96
28.91,18.74
49.06,17.74
65.50,46.32
22.55,54.05
37.25,15.92
71.68,59.35
74.52,24.80
62.50,20.62
47.01,48.90
44.46,10.58
41.63,48.76
40.55,25.19
59.96,50.00
31.49,19.98
29.60,20.89
77.36,4.74
20.00,36.69
54.30,12.84
35.80,2.92
40.22,34.73
36.18,38.20
38.88,27.14
69.31,56.36
24.79,41.41
55.75,5.25
57.11,58.10
72.85,39.09
68.98,44.13
66.92,24.29
33.51,49.63
73.71,30.03
21.27,19.68
31.67,1.48
28.91,26.08
24.12,14.67
21.85,46.24
58.77,37.79
47.03,15.52
40.86,7.20
70.11,16.17
61.26,38.75
51.24,6.64
35.86,19.36
48.71,2.54
58.83,50.03
25.88,41.75
43.96,48.95
57.14,49.54
64.27,31.71
47.87,4.73
22.78,40.55
46.53,5.81
44.55,29.36
29.09,7.33
58.80,13.44
63.01,16.21
36.42,53.18
22.72,46.46
21.17,32.83
40.66,29.98
32.96,44.70
58.19,36.91
76.31,1.20
71.81,11.55
40.31,7.54
75.83,18.04
50.94,40.61
62.36,58.95
28.35,12.28
25.09,7.83
77.90,5.39
51.65,36.03
55.60,46.73
29.99,46.83
75.82,22.86
58.80,57.95
28.35,56.36
43.10,38.67
26.61,23.17
48.48,56.50
71.75,1.38
35.33,15.53
39.59,27.54
30.68,21.18
71.45,59.16
40.68,59.20
43.01,35.92
38.12,31.42
38.84,17.67
47.11,2.41
58.41,35.60
54.53,48.73
64.24,34.63
33.36,5.97
71.05,42.58
25.60,12.56
53.45,41.11
37.32,31.65
22.79,42.35
56.45,53.71
70.15,19.33
72.72,42.79
70.99,14.51
39.63,55.70
46.57,51.35
41.74,59.21
71.59,50.58
60.91,39.42
26.18,45.36
54.25,35.18
52.47,14.02
70.78,2.26
70.82,35.48
49.58,13.23
78.66,8.81
44.41,15.99
57.87,55.77
61.62,52.69
20.92,39.38
50.50,12.54
61.43,46.23
40.61,56.21
76.35,16.42
22.19,2.17
31.48,23.19
24.99,52.68
40.31,39.55
68.69,25.01
79.56,48.96
47.72,29.22
51.00,49.13
76.86,36.23
31.71,35.72
75.49,57.24
32.32,6.16
60.09,4.30
24.55,39.70
26.52,30.36
57.22,21.10
53.81,7.50
37.42,13.99
28.33,57.24
54.24,33.99
59.15,17.11
75.46,19.53
54.02,1.92
66.15,30.62
58.97,10.41
30.32,38.22
36.31,37.54
78.43,41.45
53.96,18.70
70.82,1.81
62.07,42.78
75.10,45.69
38.33,19.29
60.53,4.95
46.73,50.80
37.32,8.10
54.33,3.18
47.39,3.10
68.48,48.19
30.13,28.43
59.26,6.34
48.36,32.46
43.08,53.78
77.05,25.11
37.57,8.46
54.29,6.63
79.27,48.71
69.86,41.55
61.16,35.68
38.01,32.71
57.91,17.48
33.18,8.46
48.08,27.25
56.80,28.63
78.32,29.55
45.96,15.47
58.53,57.89
56.73,16.27
46.73,46.46
63.59,27.08
47.33,38.00
79.17,51.08
50.70,28.85
71.66,43.64
29.27,14.23
74.89,3.38
33.25,44.02
40.62,9.61
44.04,18.58
53.63,46.57
37.54,22.01
26.83,16.63
75.40,12.05
27.20,5.40
36.97,15.92
50.25,53.81
73.39,6.62
72.26,56.21
60.97,9.88
47.56,36.26
62.34,54.98
49.28,32.10
20.55,47.86
67.21,32.36
75.59,45.01
78.73,1.64
27.89,37.37
60.62,13.30
58.34,31.55
27.48,24.24
70.97,19.09
77.94,8.99
52.99,58.03
48.84,18.31
72.03,4.44
28.10,23.53
65.66,51.77
28.78,34.49
60.48,52.15
36.66,41.84
75.71,14.63
46.49,39.32
77.13,40.26
52.85,57.44
71.95,11.43
69.22,30.05
23.92,14.06
56.65,16.02
49.36,36.64
30.87,57.63
37.82,4.66
76.32,39.36
38.54,18.07
69.63,3.88
25.20,28.21
56.85,27.35
52.17,51.77
32.80,30.05
40.79,11.12
24.19,17.42
21.77,17.62
73.51,24.58
38.17,2.25
74.59,44.07
56.94,22.13
63.56,25.55
75.51,28.18
75.51,28.65
74.37,19.30
62.41,44.54
31.71,2.36
70.81,21.89
41.21,42.13
57.05,55.31
54.26,4.30
20.20,37.05
59.94,33.18
35.42,27.14
26.67,8.15
71.45,42.44
79.64,11.51
69.52,19.91
41.22,26.97
56.44,32.81
28.43,57.57
61.34,50.30
78.07,14.77
65.46,57.18
44.09,56.91
72.53,4.97
55.34,18.88
42.94,28.62
58.38,34.24
68.70,26.97
55.37,58.82
33.26,25.71
35.39,54.28
53.63,5.26
57.75,35.79
36.76,39.55
20.97,47.40
58.24,50.44
61.64,28.87
79.25,6.01
25.52,13.19
71.90,13.59
50.65,13.89
23.08,42.35
30.81,56.03
45.67,54.95
57.07,44.71
26.42,2.38
27.61,33.43
41.73,29.86
62.30,40.81
48.20,21.31
77.30,39.35
40.61,19.99
26.98,46.10
66.20,39.35
75.32,7.53
41.67,51.04
49.19,12.92
69.13,41.12
61.33,25.92
39.45,4.83
31.15,42.33
65.38,48.57
57.54,34.23
43.21,37.59
56.24,27.69
46.09,31.93
72.01,42.47
37.60,18.25
56.78,53.55
23.32,53.24
62.05,24.72
30.07,33.40
48.30,59.94
65.27,46.47
24.11,6.98
21.49,12.33
65.41,17.85
22.38,22.33
61.19,45.58
50.86,44.16
73.94,54.99
74.63,6.87
25.72,20.40
53.90,4.47
34.79,7.75
63.06,46.76
33.89,5.72
32.94,22.45
44.33,58.42
31.95,51.01
49.89,16.92
45.24,46.90
38.97,58.59
79.12,15.15
21.14,5.79
72.76,34.18
33.56,58.40
34.08,37.95
56.18,45.59
76.75,59.20
46.63,32.36
67.71,21.19
61.48,4.63
54.63,51.31
43.57,43.28
34.01,28.62
54.56,11.90
63.72,21.53
45.50,12.32
50.56,29.18
77.52,53.01
47.88,27.88
79.52,16.27
59.23,2.85
45.49,17.15
36.41,53.30
38.98,25.82
71.73,2.74
37.43,49.82
74.24,43.55
45.05,30.97
55.86,20.15
68.06,6.75
45.95,33.99
25.84,52.46
64.82,43.69
77.69,14.98
22.04,28.31
67.60,6.03
50.66,49.04
52.58,35.97
54.26,28.16
43.70,20.84
76.29,11.73
76.37,11.47
46.51,57.31
30.20,29.10
55.27,10.80
48.16,37.28
59.48,51.88
38.56,13.52
77.23,57.09
36.98,10.43
21.79,11.48
54.17,38.65
56.47,9.25
42.72,42.32
60.18,37.93
77.85,47.45
73.24,27.62
61.18,7.08
44.61,7.92
31.02,49.15
39.37,14.88
52.27,49.11
31.38,44.00
54.33,14.49
25.93,20.96
23.10,23.78
60.54,58.28
24.40,42.75
76.17,13.87
21.45,10.83
49.39,28.46
40.92,37.76
45.99,16.37
75.76,40.66
48.76,9.75
26.87,44.12
67.59,18.60
78.80,51.32
75.12,6.83
74.67,9.11
56.77,36.43
43.28,9.66
70.29,4.58
26.01,5.54
77.20,35.51
66.36,46.88
28.01,19.26
67.86,5.61
47.64,59.63
65.18,46.78
36.01,20.54
41.74,13.78
39.51,55.05
46.49,10.66
25.18,5.84
57.76,37.33
67.02,35.92
48.46,32.94
75.46,46.31
50.54,46.75
66.29,53.65
75.17,23.58
29.62,37.29
58.92,35.30
48.13,40.13
75.64,56.00
62.27,5.18
49.47,13.26
65.92,28.17
48.18,14.98
27.45,16.33
57.95,22.08
34.76,16.08
38.52,59.84
45.17,15.06
34.20,14.51
39.81,40.28
48.92,46.22
51.99,22.26
28.19,4.26
65.95,43.61
35.23,21.62
48.74,59.44
30.46,56.17
47.41,10.34
77.01,18.28
51.05,42.47
25.56,37.28
49.68,58.23
45.34,13.31
60.41,18.31
29.13,13.45
66.99,27.94
39.11,3.08
68.80,54.67
48.35,29.26
64.69,41.19
75.85,34.46
56.61,32.84
79.21,35.73
66.84,4.11
73.03,53.55
65.99,39.89
25.82,30.07
68.32,11.02
31.70,44.66
48.60,31.62
28.04,12.55
56.56,5.58
29.44,24.37
47.22,13.59
60.29,55.68
27.66,14.76
46.91,40.82
47.85,26.57
79.03,13.00
78.58,57.35
42.94,40.60
30.34,50.89
27.85,6.90
33.70,49.25
48.11,42.79
59.34,27.85
33.54,37.86
32.99,46.88
68.04,28.73
39.27,38.24
29.81,36.68
32.18,23.68
31.95,12.32
73.64,16.17
39.05,3.01
41.83,17.43
67.82,4.33
45.45,48.90
74.36,20.35
54.81,2.79
65.22,6.05
20.57,6.65
28.96,2.63
35.18,8.24
61.06,56.23
75.54,22.75
48.28,11.66
67.43,48.25
44.36,46.07
21.75,8.43
41.23,18.26
50.65,51.65
64.43,24.09
28.67,32.70
70.91,23.02
51.23,56.69
28.29,15.93
38.29,53.64
38.48,2.49
63.85,6.53
52.21,46.96
64.57,18.63
73.48,53.35
26.38,5.89
52.31,50.80
31.24,17.90
65.48,36.52
61.53,19.52
79.98,45.74
48.01,18.72
56.20,9.93
33.52,5.69
55.38,31.60
30.70,56.97
79.07,48.34
38.46,26.41
28.36,11.25
71.32,26.74
25.41,24.52
62.50,11.78
72.59,54.01
54.49,15.16
35.47,27.36
46.32,39.27
20.84,51.31
57.87,45.13
20.55,54.00
33.29,51.55
79.25,7.44
29.48,36.04
35.96,29.53
69.18,5.03
35.42,19.67
68.57,32.23
61.95,41.39
40.40,13.23
67.48,15.02
51.02,50.46
47.29,20.29
64.84,15.94
25.57,54.44
40.44,55.93
41.55,7.14
26.08,21.30
45.54,10.36
69.23,20.53
78.17,10.88
53.70,23.30
38.71,9.99
37.33,40.61
50.32,3.90
63.62,39.24
71.58,13.85
63.80,30.32
27.20,17.08
22.72,17.98
30.13,35.84
37.02,49.61
39.08,2.62
67.19,25.25
32.17,42.87
34.54,17.45
65.52,36.72
46.49,17.47
22.99,25.92
20.33,3.02
70.15,50.84
76.50,45.75
77.15,55.46
26.28,56.23
32.05,24.09
39.99,8.32
33.79,17.46
35.86,31.16
41.90,54.17
61.76,9.67
75.92,35.84
40.92,45.65
44.55,30.57
29.80,57.59
21.11,4.46
39.62,14.18
41.28,33.45
63.87,42.93
49.56,12.16
30.98,36.73
57.22,1.21
52.59,56.28
22.09,58.88
72.26,30.22
70.94,11.88
42.45,43.69
71.59,46.46
45.86,18.41
35.49,42.56
26.07,7.48
20.46,12.03
24.72,26.94
75.00,3.01
60.79,55.93
75.68,15.36
41.81,18.78
42.18,44.87
24.36,18.77
71.31,38.84
55.81,55.54
40.98,13.49
50.75,17.26
76.79,29.78
47.75,36.59
20.87,48.67
34.26,3.69
33.55,48.82
28.10,48.06
56.96,56.16
79.56,22.05
73.30,21.34
41.81,27.33
51.17,27.41
79.89,45.28
73.13,23.60
36.21,18.07
69.66,55.11
23.30,26.73
39.33,13.94
48.78,44.98
59.07,57.94
67.51,50.78
73.86,41.29
26.45,52.73
78.26,56.63
23.30,14.19
47.78,35.17
23.51,34.20
46.34,13.01
31.19,47.47
77.25,33.45
68.07,23.81
68.56,3.20
62.87,19.30
43.93,54.83
24.34,4.54
42.51,7.97
44.94,21.74
50.43,51.78
73.05,16.22
71.27,42.71
33.57,58.41
78.13,7.21
27.30,32.37
70.10,20.39
53.94,36.81
61.71,13.54
64.17,7.31
32.87,50.33
34.89,20.65
35.30,6.48
54.27,55.20
62.92,25.62
29.79,12.86
59.03,47.38
65.96,33.84
35.34,27.84
62.53,53.69
29.70,59.38
74.62,48.61
54.69,42.34
66.61,17.55
46.71,33.07
55.71,55.23
44.13,1.63
34.41,55.40
40.85,17.38
65.57,22.84
25.24,51.05
43.93,59.00
21.97,30.58
49.43,3.87
23.66,59.71
66.22,40.44
56.28,29.65
25.84,42.42
55.38,3.07
61.88,8.85
51.05,59.12
39.67,47.18
71.73,20.38
72.15,9.32
35.62,31.32
60.95,34.22
27.33,13.01
34.02,21.46
29.67,10.63
61.24,24.29
75.03,16.79
34.27,32.48
50.15,24.93
34.19,19.80
45.71,42.48
27.78,9.24
71.05,11.45
67.95,10.21
32.77,10.42
34.99,27.54
22.25,25.55
77.13,37.69
38.99,47.93
59.60,19.31
41.24,2.83
58.49,48.41
65.06,56.10
64.58,1.33
68.71,27.86
58.56,55.67
56.98,54.80
58.80,23.74
67.14,41.65
29.70,37.76
47.78,34.19
31.54,2.71
49.29,32.20
38.70,58.62
23.08,15.75
31.95,53.21
70.12,16.22
68.80,38.35
26.01,41.27
39.37,34.81
25.59,36.54
29.14,9.61
36.07,35.05
43.47,18.02
37.17,12.74
28.44,46.23
71.15,4.75
42.64,6.79
33.78,18.96
56.27,19.88
77.16,37.86
41.42,47.47
39.86,58.23
45.51,55.81
67.72,21.63
45.42,32.17
41.98,22.33
69.05,21.80
48.13,30.60
41.31,53.81
78.48,54.84
73.56,23.35
78.53,46.36
55.08,42.11
35.61,16.53
29.39,55.84
30.78,57.22
67.98,47.81
20.45,51.36
26.23,14.84
27.55,49.59
73.14,8.51
37.10,13.53
35.91,10.03
25.59,37.90
43.94,24.39
44.72,17.88
26.00,19.06
63.54,37.74
72.66,57.00
57.48,55.53
78.58,23.37
54.62,18.28
34.47,31.43
58.05,56.98
26.04,38.25
66.04,38.06
65.51,9.05
30.01,11.74
76.86,32.45
51.73,31.28
20.86,29.52
35.00,48.28
29.68,15.05
46.36,5.17
42.32,44.30
57.32,24.06
59.38,39.24
24.42,33.26
45.37,30.66
56.86,20.63
65.87,14.79
51.43,35.78
29.70,27.97
29.21,17.15
21.34,46.18
23.09,12.83
57.90,28.52
72.24,35.48
47.81,25.07
44.65,18.45
64.32,6.77
46.89,11.97
26.08,12.48
73.19,52.10
55.07,31.83
43.59,24.16
44.39,13.39
56.89,29.08
75.18,14.54
53.26,25.01
22.27,25.16
36.46,14.62
48.07,7.76
44.56,31.32
50.55,13.84
50.08,11.65
59.22,19.38
54.66,51.71
37.04,27.66
51.02,2.55
65.41,48.92
54.02,54.17
59.17,22.83
71.11,1.64
79.09,1.47
44.81,12.83
25.07,29.70
64.90,25.20
20.23,52.74
23.77,20.63
79.92,48.65
78.03,10.32
27.31,25.67
77.16,53.32
58.96,30.44
51.28,4.01
77.38,11.45
32.87,41.52
31.53,37.96
23.92,17.79
38.90,23.31
78.73,1.10
53.98,6.04
42.24,49.91
30.99,7.22
34.65,11.69
20.33,29.13
36.23,6.96
49.62,37.78
51.94,7.18
23.21,33.64
75.15,1.31
59.33,58.49
43.51,45.62
63.48,43.27
69.55,44.70
22.48,54.35
21.65,46.98
78.53,22.43
59.95,13.88
24.52,48.34
78.60,18.09
27.30,7.98
62.46,9.04
38.62,29.72
54.78,2.29
62.78,10.04
50.65,26.89
32.02,4.13
77.32,18.63
75.30,33.00
61.16,4.60
38.87,4.68
69.34,14.16
35.73,55.75
39.89,55.08
26.08,27.32
62.23,35.20
25.03,24.37
29.14,31.53
34.78,9.48
73.54,55.59
29.17,58.93
71.04,18.27
46.27,33.97
43.45,57.65
47.16,56.37
71.22,2.66
71.43,15.98
25.40,13.89
49.12,40.30
51.56,41.52
31.27,23.12
48.59,35.58
43.96,56.70
26.81,7.15
56.04,16.39
31.76,46.16
69.27,26.50
26.54,51.23
36.91,8.48
61.11,2.14
73.79,56.39
74.62,23.98
78.81,59.19
50.12,29.64
53.93,26.60
74.81,19.02
43.68,45.55
24.55,43.17
58.07,52.53
46.39,55.17
29.97,42.21
20.29,16.83
71.07,14.09
71.94,38.42
76.49,12.41
72.61,9.86
53.89,9.13
69.40,38.04
60.26,29.68
59.85,22.66
44.29,57.78
39.45,26.91
77.38,21.21
78.82,14.57
63.26,42.24
50.31,14.36
44.53,40.53
63.33,3.08
66.54,3.13
72.08,39.73
43.27,52.67
53.93,53.27
28.57,13.45
68.25,58.20
47.10,10.96
23.49,36.23
73.31,42.48
31.72,59.35
24.00,33.53
67.97,40.16
62.36,33.09
56.04,42.80
24.75,53.09
37.65,51.51
59.91,47.58
66.20,10.90
79.85,24.89
60.74,53.32
63.51,17.51
21.94,12.96
66.34,18.16
55.29,28.48
30.45,52.82
25.49,9.59
38.15,1.11
39.70,9.71
35.71,1.60
61.83,21.95
53.02,1.17
63.74,10.13
26.53,11.41
69.62,47.34
30.15,7.31
37.92,20.24
36.32,3.01
36.11,23.09
31.60,18.71
21.89,55.32
42.69,15.12
46.68,25.35
63.60,34.21
75.69,13.51
32.77,25.06
76.13,35.40
60.81,26.76
78.39,53.30
35.89,22.69
48.21,47.04
47.57,12.86
65.28,57.56
21.81,4.90
34.24,14.07
76.66,49.63
29.81,19.29
64.91,33.52
77.26,32.09
30.29,27.49
31.45,30.25
39.51,9.13
44.51,1.83
68.58,48.09
73.38,34.43
21.34,29.31
59.72,32.22
63.51,8.63
60.36,9.99
72.62,18.76
48.32,36.20
59.75,28.24
77.01,36.27
21.63,22.02
58.60,39.05
61.38,26.50
60.73,26.58
38.03,10.34
57.71,36.37
29.18,13.85
68.99,34.79
72.40,5.00
50.56,41.95
71.61,35.13
75.57,4.41
51.29,28.09
54.11,40.91
62.46,49.05
55.70,38.75
47.88,56.16
36.34,44.04
61.28,13.11
36.84,50.69
42.10,7.07
40.73,37.32
68.13,49.43
44.18,4.30
22.72,53.98
54.53,56.07
54.81,20.44
37.74,37.37
78.50,33.08
60.57,55.90
58.85,33.53
20.14,53.25
66.37,47.27
65.64,43.61
58.17,41.37
22.57,56.30
42.73,23.00
23.74,8.44
45.64,27.87
51.12,37.99
28.95,57.67
46.50,13.61
55.56,7.71
61.46,43.02
41.35,20.62
41.14,31.22
56.53,54.40
54.05,36.10
32.29,47.12
40.09,32.99
75.46,45.87
60.75,37.63
78.85,2.71
48.83,57.81
23.27,51.36
44.08,35.18
68.10,10.44
25.77,27.49
47.83,57.10
63.48,34.02
49.81,51.94
46.55,48.35
79.21,44.85
55.05,1.62
48.63,43.07
33.48,42.66
42.24,42.53
21.64,1.19
43.24,57.82
23.40,11.83
34.21,48.14
63.86,10.54
56.21,55.49
35.80,13.33
69.55,32.91
28.27,3.32
29.86,21.04
49.78,34.90
47.55,40.33
79.19,21.58
71.27,10.76
73.97,57.03
27.10,17.02
51.93,20.58
45.16,28.24
59.61,48.51
77.79,10.87
36.43,28.57
41.89,50.64
29.70,58.52
50.49,2.43
32.05,17.26
32.28,58.29
50.33,34.52
74.20,39.52
79.36,43.24
34.11,9.10
24.35,14.72
69.99,29.22
36.06,33.65
49.66,31.88
21.61,49.43
60.20,52.89
49.80,17.66
39.25,12.16
36.87,33.86
75.79,13.13
38.97,25.98
48.85,12.31
71.71,17.60
36.54,47.58
54.91,18.80
44.74,13.66
29.25,25.24
68.34,16.77
37.52,45.25
30.90,44.24
32.53,32.04
59.48,19.14
20.23,34.22
21.36,46.63
27.33,50.74
61.63,6.82
72.80,40.51
29.32,53.52
57.95,16.93
70.85,58.72
38.62,4.19
55.80,36.71
40.25,51.25
57.06,20.30
22.01,13.47
39.61,59.32
72.85,36.83
47.26,2.97
31.97,2.76
77.51,36.81
56.12,3.33
43.39,44.89
32.51,41.90
60.08,32.63
23.74,33.92
21.16,38.85
66.67,40.04
49.58,34.58
58.25,21.00
53.19,48.95
78.18,44.53
66.15,44.84
59.06,13.66
72.70,1.42
52.10,25.98
54.50,18.96
60.33,12.53
70.34,32.12
33.93,22.88
69.25,8.93
54.23,42.62
34.20,18.91
44.80,44.75
63.13,51.79
76.11,9.20
31.17,10.44
22.68,13.07
23.52,4.75
52.76,7.22
45.71,14.98
45.86,48.14
22.44,5.94
24.15,30.57
49.32,58.79
39.92,38.01
24.02,32.40
23.33,39.42
65.35,17.25
58.40,6.51
55.19,59.96
29.70,5.62
67.40,30.33
45.22,24.88
62.39,25.01
20.08,36.46
23.72,46.41
29.63,46.84
55.68,51.90
34.81,49.38
61.74,27.81
51.84,54.07
28.96,35.97
37.37,48.33
73.50,50.33
58.24,51.93
79.88,51.86
78.89,49.84
76.13,18.38
67.33,51.24
66.14,31.43
46.00,55.36
37.57,18.03
22.48,48.89
30.18,4.50
27.74,32.76
34.99,43.28
29.35,11.62
49.41,27.43
77.08,56.13
48.67,23.29
25.58,23.80
29.02,2.15
26.73,27.25
40.96,1.54
45.14,41.19
58.48,57.37
75.12,13.71
70.60,21.58
21.25,27.30
75.73,14.19
78.25,53.77
51.04,11.53
59.39,43.57
61.24,42.47
67.94,22.06
20.39,48.77
35.76,47.72
20.68,45.20
74.38,7.78
33.99,47.43
25.28,6.69
42.73,43.78
65.09,35.10
62.52,37.60
22.53,57.66
50.34,52.96
27.73,42.79
57.20,26.63
65.45,4.02
56.45,36.66
67.95,35.94
29.70,30.55
74.34,4.65
41.84,45.68
51.63,16.00
53.83,31.98
21.04,25.96
21.48,3.44
78.41,38.85
30.89,18.70
34.75,57.92
77.99,36.98
45.78,2.22
33.74,48.98
28.37,40.85
24.65,33.46
77.46,24.97
38.68,4.11
56.76,59.85
32.94,40.59
76.91,26.44
62.26,31.60
78.42,27.35
52.49,51.84
20.06,44.96
21.38,11.71
57.50,54.10
77.66,13.92
31.93,20.78
57.62,1.40
27.78,51.41
41.35,1.51
59.01,1.45
44.78,31.31
77.46,15.00
79.04,11.05
53.09,38.37
75.05,46.30
36.69,31.41
45.75,59.58
61.97,7.76
71.73,2.84
43.55,15.88
34.76,58.45
22.95,32.46
23.96,17.19
54.85,9.41
25.44,59.16
76.65,17.04
24.06,37.69
64.78,46.56
55.85,31.34
56.93,5.09
39.89,20.81
56.10,47.98
54.92,25.67
72.99,17.29
33.43,24.69
37.19,25.64
46.94,27.79
20.79,2.41
77.79,38.27
38.70,30.58
67.16,47.15
24.60,11.47
36.40,7.63
49.97,4.39
62.71,21.81
61.16,4.77
71.41,38.06
32.83,55.57
72.79,13.66
44.68,23.73
45.15,39.56
76.79,48.58
76.57,46.02
26.17,55.29
69.03,25.03
51.58,46.85
44.94,35.28
35.03,28.53
74.50,12.54
24.46,28.32
65.25,47.73
23.65,29.00
22.26,9.29
21.76,40.56
56.50,27.99
64.41,5.82
49.91,45.34
32.13,2.66
53.97,20.24
43.56,1.53
36.99,6.65
44.56,54.36
71.39,36.15
23.13,21.09
56.27,34.60
60.49,1.95
56.68,58.34
66.44,7.39
39.71,42.74
28.60,7.83
55.31,58.15
54.68,49.06
78.21,5.81
75.71,23.70
61.96,27.28
58.77,11.48
25.94,46.82
76.38,21.89
44.69,35.32
39.64,40.35
61.40,14.57
54.87,13.05
78.21,4.45
73.58,17.96
21.63,19.44
22.07,31.02
54.70,16.57
32.24,16.71
55.84,27.49
72.94,52.21
